0 role_0 role_1 role_2 role_3
0 0.033291351689755784 0.32223621610341474 0.32223621610341474 0.32223621610341474
1 0.033291351689755784 0.32223621610341474 0.32223621610341474 0.32223621610341474
2 0.033291351689755784 0.32223621610341474 0.32223621610341474 0.32223621610341474
3 0.033291351689755784 0.32223621610341474 0.32223621610341474 0.32223621610341474
4 0.033291351689755784 0.32223621610341474 0.32223621610341474 0.32223621610341474
5 0.033291351689755784 0.32223621610341474 0.32223621610341474 0.32223621610341474
6 0.033291351689755784 0.32223621610341474 0.32223621610341474 0.32223621610341474
7 0.033291351689755784 0.32223621610341474 0.32223621610341474 0.32223621610341474
8 0.033291351689755784 0.32223621610341474 0.32223621610341474 0.32223621610341474
9 0.033291351689755784 0.32223621610341474 0.32223621610341474 0.32223621610341474
10 0.033291351689755784 0.32223621610341474 0.32223621610341474 0.32223621610341474
11 0.033291351689755784 0.32223621610341474 0.32223621610341474 0.32223621610341474
12 0.033291351689755784 0.32223621610341474 0.32223621610341474 0.32223621610341474
13 0.033291351689755784 0.32223621610341474 0.32223621610341474 0.32223621610341474
14 0.033291351689755784 0.32223621610341474 0.32223621610341474 0.32223621610341474
15 0.033291351689755784 0.32223621610341474 0.32223621610341474 0.32223621610341474
16 0.033291351689755784 0.32223621610341474 0.32223621610341474 0.32223621610341474
17 0.033291351689755784 0.32223621610341474 0.32223621610341474 0.32223621610341474
18 0.033291351689755784 0.32223621610341474 0.32223621610341474 0.32223621610341474
19 0.033291351689755784 0.32223621610341474 0.32223621610341474 0.32223621610341474
20 0.033291351689755784 0.32223621610341474 0.32223621610341474 0.32223621610341474
21 0.033291351689755784 0.32223621610341474 0.32223621610341474 0.32223621610341474
22 0.033291351689755784 0.32223621610341474 0.32223621610341474 0.32223621610341474
23 0.033291351689755784 0.32223621610341474 0.32223621610341474 0.32223621610341474
24 0.033291351689755784 0.32223621610341474 0.32223621610341474 0.32223621610341474
25 0.033291351689755784 0.32223621610341474 0.32223621610341474 0.32223621610341474
26 0.033291351689755784 0.32223621610341474 0.32223621610341474 0.32223621610341474
27 0.033291351689755784 0.32223621610341474 0.32223621610341474 0.32223621610341474
28 0.033291351689755784 0.32223621610341474 0.32223621610341474 0.32223621610341474
29 0.033291351689755784 0.32223621610341474 0.32223621610341474 0.32223621610341474
30 0.033291351689755784 0.32223621610341474 0.32223621610341474 0.32223621610341474
31 0.033291351689755784 0.32223621610341474 0.32223621610341474 0.32223621610341474
32 0.033291351689755784 0.32223621610341474 0.32223621610341474 0.32223621610341474
33 0.033291351689755784 0.32223621610341474 0.32223621610341474 0.32223621610341474
34 0.033291351689755784 0.32223621610341474 0.32223621610341474 0.32223621610341474
35 0.033291351689755784 0.32223621610341474 0.32223621610341474 0.32223621610341474
36 0.033291351689755784 0.32223621610341474 0.32223621610341474 0.32223621610341474
37 0.033291351689755784 0.32223621610341474 0.32223621610341474 0.32223621610341474
38 0.033291351689755784 0.32223621610341474 0.32223621610341474 0.32223621610341474
39 0.033291351689755784 0.32223621610341474 0.32223621610341474 0.32223621610341474
40 0.033291351689755784 0.32223621610341474 0.32223621610341474 0.32223621610341474
41 0.033291351689755784 0.32223621610341474 0.32223621610341474 0.32223621610341474
42 0.033291351689755784 0.32223621610341474 0.32223621610341474 0.32223621610341474
43 0.033291351689755784 0.32223621610341474 0.32223621610341474 0.32223621610341474
44 0.033291351689755784 0.32223621610341474 0.32223621610341474 0.32223621610341474
45 0.033291351689755784 0.32223621610341474 0.32223621610341474 0.32223621610341474
46 0.033291351689755784 0.32223621610341474 0.32223621610341474 0.32223621610341474
47 0.033291351689755784 0.32223621610341474 0.32223621610341474 0.32223621610341474
48 0.033291351689755784 0.32223621610341474 0.32223621610341474 0.32223621610341474
49 0.033291351689755784 0.32223621610341474 0.32223621610341474 0.32223621610341474
50 0.033291351689755784 0.32223621610341474 0.32223621610341474 0.32223621610341474
51 0.033291351689755784 0.32223621610341474 0.32223621610341474 0.32223621610341474
52 0.033291351689755784 0.32223621610341474 0.32223621610341474 0.32223621610341474
53 0.033291351689755784 0.32223621610341474 0.32223621610341474 0.32223621610341474
54 0.033291351689755784 0.32223621610341474 0.32223621610341474 0.32223621610341474
55 0.033291351689755784 0.32223621610341474 0.32223621610341474 0.32223621610341474
56 0.033291351689755784 0.32223621610341474 0.32223621610341474 0.32223621610341474
57 0.033291351689755784 0.32223621610341474 0.32223621610341474 0.32223621610341474
58 0.033291351689755784 0.32223621610341474 0.32223621610341474 0.32223621610341474
59 0.033291351689755784 0.32223621610341474 0.32223621610341474 0.32223621610341474
60 0.033291351689755784 0.32223621610341474 0.32223621610341474 0.32223621610341474
61 0.033291351689755784 0.32223621610341474 0.32223621610341474 0.32223621610341474
62 0.033291351689755784 0.32223621610341474 0.32223621610341474 0.32223621610341474
63 0.033291351689755784 0.32223621610341474 0.32223621610341474 0.32223621610341474
64 0.033291351689755784 0.32223621610341474 0.32223621610341474 0.32223621610341474
65 0.033291351689755784 0.32223621610341474 0.32223621610341474 0.32223621610341474
66 0.033291351689755784 0.32223621610341474 0.32223621610341474 0.32223621610341474
67 0.033291351689755784 0.32223621610341474 0.32223621610341474 0.32223621610341474
68 0.033291351689755784 0.32223621610341474 0.32223621610341474 0.32223621610341474
69 0.033291351689755784 0.32223621610341474 0.32223621610341474 0.32223621610341474
70 0.033291351689755784 0.32223621610341474 0.32223621610341474 0.32223621610341474
71 0.033291351689755784 0.32223621610341474 0.32223621610341474 0.32223621610341474
72 0.033291351689755784 0.32223621610341474 0.32223621610341474 0.32223621610341474
73 0.033291351689755784 0.32223621610341474 0.32223621610341474 0.32223621610341474
74 0.033291351689755784 0.32223621610341474 0.32223621610341474 0.32223621610341474
75 0.033291351689755784 0.32223621610341474 0.32223621610341474 0.32223621610341474
76 0.033291351689755784 0.32223621610341474 0.32223621610341474 0.32223621610341474
77 0.033291351689755784 0.32223621610341474 0.32223621610341474 0.32223621610341474
78 0.033291351689755784 0.32223621610341474 0.32223621610341474 0.32223621610341474
79 0.033291351689755784 0.32223621610341474 0.32223621610341474 0.32223621610341474
80 0.033291351689755784 0.32223621610341474 0.32223621610341474 0.32223621610341474
81 0.033291351689755784 0.32223621610341474 0.32223621610341474 0.32223621610341474
82 0.033291351689755784 0.32223621610341474 0.32223621610341474 0.32223621610341474
83 0.033291351689755784 0.32223621610341474 0.32223621610341474 0.32223621610341474
84 0.033291351689755784 0.32223621610341474 0.32223621610341474 0.32223621610341474
85 0.033291351689755784 0.32223621610341474 0.32223621610341474 0.32223621610341474
86 0.033291351689755784 0.32223621610341474 0.32223621610341474 0.32223621610341474
87 0.033291351689755784 0.32223621610341474 0.32223621610341474 0.32223621610341474
88 0.033291351689755784 0.32223621610341474 0.32223621610341474 0.32223621610341474
89 0.033291351689755784 0.32223621610341474 0.32223621610341474 0.32223621610341474
90 0.033291351689755784 0.32223621610341474 0.32223621610341474 0.32223621610341474
91 0.033291351689755784 0.32223621610341474 0.32223621610341474 0.32223621610341474
92 0.033291351689755784 0.32223621610341474 0.32223621610341474 0.32223621610341474
93 0.033291351689755784 0.32223621610341474 0.32223621610341474 0.32223621610341474
94 0.033291351689755784 0.32223621610341474 0.32223621610341474 0.32223621610341474
95 0.033291351689755784 0.32223621610341474 0.32223621610341474 0.32223621610341474
96 0.033291351689755784 0.32223621610341474 0.32223621610341474 0.32223621610341474
97 0.033291351689755784 0.32223621610341474 0.32223621610341474 0.32223621610341474
98 0.033291351689755784 0.32223621610341474 0.32223621610341474 0.32223621610341474
99 0.04681964874960576 0.45318035125039424 0.04681964874960576 0.45318035125039424
100 0.25 0.25 0.25 0.25
101 0.25 0.25 0.25 0.25
102 0.25 0.25 0.25 0.25
103 0.25 0.25 0.25 0.25
104 0.25 0.25 0.25 0.25
105 0.25 0.25 0.25 0.25
106 0.25 0.25 0.25 0.25
107 0.25 0.25 0.25 0.25
108 0.25 0.25 0.25 0.25
109 0.25 0.25 0.25 0.25
110 0.25 0.25 0.25 0.25
111 0.25 0.25 0.25 0.25
112 0.25 0.25 0.25 0.25
113 0.25 0.25 0.25 0.25
114 0.25 0.25 0.25 0.25
115 0.25 0.25 0.25 0.25
116 0.25 0.25 0.25 0.25
117 0.25 0.25 0.25 0.25
118 0.25 0.25 0.25 0.25
119 0.25 0.25 0.25 0.25
120 0.25 0.25 0.25 0.25
121 0.25 0.25 0.25 0.25
122 0.25 0.25 0.25 0.25
123 0.25 0.25 0.25 0.25
124 0.25 0.25 0.25 0.25
125 0.25 0.25 0.25 0.25
126 0.25 0.25 0.25 0.25
127 0.25 0.25 0.25 0.25
128 0.25 0.25 0.25 0.25
129 0.25 0.25 0.25 0.25
130 0.25 0.25 0.25 0.25
131 0.25 0.25 0.25 0.25
132 0.25 0.25 0.25 0.25
133 0.25 0.25 0.25 0.25
134 0.25 0.25 0.25 0.25
135 0.25 0.25 0.25 0.25
136 0.25 0.25 0.25 0.25
137 0.25 0.25 0.25 0.25
138 0.25 0.25 0.25 0.25
139 0.25 0.25 0.25 0.25
140 0.25 0.25 0.25 0.25
141 0.25 0.25 0.25 0.25
142 0.25 0.25 0.25 0.25
143 0.25 0.25 0.25 0.25
144 0.25 0.25 0.25 0.25
145 0.25 0.25 0.25 0.25
146 0.25 0.25 0.25 0.25
147 0.25 0.25 0.25 0.25
148 0.25 0.25 0.25 0.25
149 0.25 0.25 0.25 0.25
150 0.25 0.25 0.25 0.25
151 0.25 0.25 0.25 0.25
152 0.25 0.25 0.25 0.25
153 0.25 0.25 0.25 0.25
154 0.25 0.25 0.25 0.25
155 0.25 0.25 0.25 0.25
156 0.25 0.25 0.25 0.25
157 0.25 0.25 0.25 0.25
158 0.25 0.25 0.25 0.25
159 0.25 0.25 0.25 0.25
160 0.25 0.25 0.25 0.25
161 0.25 0.25 0.25 0.25
162 0.25 0.25 0.25 0.25
163 0.25 0.25 0.25 0.25
164 0.25 0.25 0.25 0.25
165 0.25 0.25 0.25 0.25
166 0.25 0.25 0.25 0.25
167 0.25 0.25 0.25 0.25
168 0.25 0.25 0.25 0.25
169 0.25 0.25 0.25 0.25
170 0.25 0.25 0.25 0.25
171 0.25 0.25 0.25 0.25
172 0.25 0.25 0.25 0.25
173 0.25 0.25 0.25 0.25
174 0.25 0.25 0.25 0.25
175 0.25 0.25 0.25 0.25
176 0.25 0.25 0.25 0.25
177 0.25 0.25 0.25 0.25
178 0.25 0.25 0.25 0.25
179 0.25 0.25 0.25 0.25
180 0.25 0.25 0.25 0.25
181 0.25 0.25 0.25 0.25
182 0.25 0.25 0.25 0.25
183 0.25 0.25 0.25 0.25
184 0.25 0.25 0.25 0.25
185 0.25 0.25 0.25 0.25
186 0.25 0.25 0.25 0.25
187 0.25 0.25 0.25 0.25
188 0.25 0.25 0.25 0.25
189 0.25 0.25 0.25 0.25
190 0.25 0.25 0.25 0.25
191 0.25 0.25 0.25 0.25
192 0.25 0.25 0.25 0.25
193 0.25 0.25 0.25 0.25
194 0.25 0.25 0.25 0.25
195 0.25 0.25 0.25 0.25
196 0.25 0.25 0.25 0.25
197 0.25 0.25 0.25 0.25
198 0.25 0.25 0.25 0.25
199 0.25 0.25 0.25 0.25
200 0.04681964874960576 0.45318035125039424 0.04681964874960576 0.45318035125039424
201 0.033291351689755784 0.32223621610341474 0.32223621610341474 0.32223621610341474
202 0.033291351689755784 0.32223621610341474 0.32223621610341474 0.32223621610341474
203 0.033291351689755784 0.32223621610341474 0.32223621610341474 0.32223621610341474
204 0.033291351689755784 0.32223621610341474 0.32223621610341474 0.32223621610341474
205 0.033291351689755784 0.32223621610341474 0.32223621610341474 0.32223621610341474
206 0.033291351689755784 0.32223621610341474 0.32223621610341474 0.32223621610341474
207 0.033291351689755784 0.32223621610341474 0.32223621610341474 0.32223621610341474
208 0.033291351689755784 0.32223621610341474 0.32223621610341474 0.32223621610341474
209 0.033291351689755784 0.32223621610341474 0.32223621610341474 0.32223621610341474
210 0.033291351689755784 0.32223621610341474 0.32223621610341474 0.32223621610341474
211 0.033291351689755784 0.32223621610341474 0.32223621610341474 0.32223621610341474
212 0.033291351689755784 0.32223621610341474 0.32223621610341474 0.32223621610341474
213 0.033291351689755784 0.32223621610341474 0.32223621610341474 0.32223621610341474
214 0.033291351689755784 0.32223621610341474 0.32223621610341474 0.32223621610341474
215 0.033291351689755784 0.32223621610341474 0.32223621610341474 0.32223621610341474
216 0.033291351689755784 0.32223621610341474 0.32223621610341474 0.32223621610341474
217 0.033291351689755784 0.32223621610341474 0.32223621610341474 0.32223621610341474
218 0.033291351689755784 0.32223621610341474 0.32223621610341474 0.32223621610341474
219 0.033291351689755784 0.32223621610341474 0.32223621610341474 0.32223621610341474
220 0.033291351689755784 0.32223621610341474 0.32223621610341474 0.32223621610341474
221 0.033291351689755784 0.32223621610341474 0.32223621610341474 0.32223621610341474
222 0.033291351689755784 0.32223621610341474 0.32223621610341474 0.32223621610341474
223 0.033291351689755784 0.32223621610341474 0.32223621610341474 0.32223621610341474
224 0.033291351689755784 0.32223621610341474 0.32223621610341474 0.32223621610341474
225 0.033291351689755784 0.32223621610341474 0.32223621610341474 0.32223621610341474
226 0.033291351689755784 0.32223621610341474 0.32223621610341474 0.32223621610341474
227 0.033291351689755784 0.32223621610341474 0.32223621610341474 0.32223621610341474
228 0.033291351689755784 0.32223621610341474 0.32223621610341474 0.32223621610341474
229 0.033291351689755784 0.32223621610341474 0.32223621610341474 0.32223621610341474
230 0.033291351689755784 0.32223621610341474 0.32223621610341474 0.32223621610341474
231 0.033291351689755784 0.32223621610341474 0.32223621610341474 0.32223621610341474
232 0.033291351689755784 0.32223621610341474 0.32223621610341474 0.32223621610341474
233 0.033291351689755784 0.32223621610341474 0.32223621610341474 0.32223621610341474
234 0.033291351689755784 0.32223621610341474 0.32223621610341474 0.32223621610341474
235 0.033291351689755784 0.32223621610341474 0.32223621610341474 0.32223621610341474
236 0.033291351689755784 0.32223621610341474 0.32223621610341474 0.32223621610341474
237 0.033291351689755784 0.32223621610341474 0.32223621610341474 0.32223621610341474
238 0.033291351689755784 0.32223621610341474 0.32223621610341474 0.32223621610341474
239 0.033291351689755784 0.32223621610341474 0.32223621610341474 0.32223621610341474
240 0.033291351689755784 0.32223621610341474 0.32223621610341474 0.32223621610341474
241 0.033291351689755784 0.32223621610341474 0.32223621610341474 0.32223621610341474
242 0.033291351689755784 0.32223621610341474 0.32223621610341474 0.32223621610341474
243 0.033291351689755784 0.32223621610341474 0.32223621610341474 0.32223621610341474
244 0.033291351689755784 0.32223621610341474 0.32223621610341474 0.32223621610341474
245 0.033291351689755784 0.32223621610341474 0.32223621610341474 0.32223621610341474
246 0.033291351689755784 0.32223621610341474 0.32223621610341474 0.32223621610341474
247 0.033291351689755784 0.32223621610341474 0.32223621610341474 0.32223621610341474
248 0.033291351689755784 0.32223621610341474 0.32223621610341474 0.32223621610341474
249 0.033291351689755784 0.32223621610341474 0.32223621610341474 0.32223621610341474
250 0.033291351689755784 0.32223621610341474 0.32223621610341474 0.32223621610341474
251 0.033291351689755784 0.32223621610341474 0.32223621610341474 0.32223621610341474
252 0.033291351689755784 0.32223621610341474 0.32223621610341474 0.32223621610341474
253 0.033291351689755784 0.32223621610341474 0.32223621610341474 0.32223621610341474
254 0.033291351689755784 0.32223621610341474 0.32223621610341474 0.32223621610341474
255 0.033291351689755784 0.32223621610341474 0.32223621610341474 0.32223621610341474
256 0.033291351689755784 0.32223621610341474 0.32223621610341474 0.32223621610341474
257 0.033291351689755784 0.32223621610341474 0.32223621610341474 0.32223621610341474
258 0.033291351689755784 0.32223621610341474 0.32223621610341474 0.32223621610341474
259 0.033291351689755784 0.32223621610341474 0.32223621610341474 0.32223621610341474
260 0.033291351689755784 0.32223621610341474 0.32223621610341474 0.32223621610341474
261 0.033291351689755784 0.32223621610341474 0.32223621610341474 0.32223621610341474
262 0.033291351689755784 0.32223621610341474 0.32223621610341474 0.32223621610341474
263 0.033291351689755784 0.32223621610341474 0.32223621610341474 0.32223621610341474
264 0.033291351689755784 0.32223621610341474 0.32223621610341474 0.32223621610341474
265 0.033291351689755784 0.32223621610341474 0.32223621610341474 0.32223621610341474
266 0.033291351689755784 0.32223621610341474 0.32223621610341474 0.32223621610341474
267 0.033291351689755784 0.32223621610341474 0.32223621610341474 0.32223621610341474
268 0.033291351689755784 0.32223621610341474 0.32223621610341474 0.32223621610341474
269 0.033291351689755784 0.32223621610341474 0.32223621610341474 0.32223621610341474
270 0.033291351689755784 0.32223621610341474 0.32223621610341474 0.32223621610341474
271 0.033291351689755784 0.32223621610341474 0.32223621610341474 0.32223621610341474
272 0.033291351689755784 0.32223621610341474 0.32223621610341474 0.32223621610341474
273 0.033291351689755784 0.32223621610341474 0.32223621610341474 0.32223621610341474
274 0.033291351689755784 0.32223621610341474 0.32223621610341474 0.32223621610341474
275 0.033291351689755784 0.32223621610341474 0.32223621610341474 0.32223621610341474
276 0.033291351689755784 0.32223621610341474 0.32223621610341474 0.32223621610341474
277 0.033291351689755784 0.32223621610341474 0.32223621610341474 0.32223621610341474
278 0.033291351689755784 0.32223621610341474 0.32223621610341474 0.32223621610341474
279 0.033291351689755784 0.32223621610341474 0.32223621610341474 0.32223621610341474
280 0.033291351689755784 0.32223621610341474 0.32223621610341474 0.32223621610341474
281 0.033291351689755784 0.32223621610341474 0.32223621610341474 0.32223621610341474
282 0.033291351689755784 0.32223621610341474 0.32223621610341474 0.32223621610341474
283 0.033291351689755784 0.32223621610341474 0.32223621610341474 0.32223621610341474
284 0.033291351689755784 0.32223621610341474 0.32223621610341474 0.32223621610341474
285 0.033291351689755784 0.32223621610341474 0.32223621610341474 0.32223621610341474
286 0.033291351689755784 0.32223621610341474 0.32223621610341474 0.32223621610341474
287 0.033291351689755784 0.32223621610341474 0.32223621610341474 0.32223621610341474
288 0.033291351689755784 0.32223621610341474 0.32223621610341474 0.32223621610341474
289 0.033291351689755784 0.32223621610341474 0.32223621610341474 0.32223621610341474
290 0.033291351689755784 0.32223621610341474 0.32223621610341474 0.32223621610341474
291 0.033291351689755784 0.32223621610341474 0.32223621610341474 0.32223621610341474
292 0.033291351689755784 0.32223621610341474 0.32223621610341474 0.32223621610341474
293 0.033291351689755784 0.32223621610341474 0.32223621610341474 0.32223621610341474
294 0.033291351689755784 0.32223621610341474 0.32223621610341474 0.32223621610341474
295 0.033291351689755784 0.32223621610341474 0.32223621610341474 0.32223621610341474
296 0.033291351689755784 0.32223621610341474 0.32223621610341474 0.32223621610341474
297 0.033291351689755784 0.32223621610341474 0.32223621610341474 0.32223621610341474
298 0.033291351689755784 0.32223621610341474 0.32223621610341474 0.32223621610341474
299 0.033291351689755784 0.32223621610341474 0.32223621610341474 0.32223621610341474
1000 0.25 0.25 0.25 0.25
1001 0.25 0.25 0.25 0.25
1002 0.25 0.25 0.25 0.25
1003 0.25 0.25 0.25 0.25
1004 0.25 0.25 0.25 0.25
1005 0.25 0.25 0.25 0.25
1006 0.25 0.25 0.25 0.25
1007 0.25 0.25 0.25 0.25
1008 0.25 0.25 0.25 0.25
1009 0.25 0.25 0.25 0.25
1010 0.25 0.25 0.25 0.25
1011 0.25 0.25 0.25 0.25
1012 0.25 0.25 0.25 0.25
1013 0.25 0.25 0.25 0.25
1014 0.25 0.25 0.25 0.25
