0 role_0 role_1 role_2 role_3
0 0.41148225160114393 0.08851774839885607 0.41148225160114393 0.08851774839885607
1 0.41148225160114393 0.08851774839885607 0.41148225160114393 0.08851774839885607
2 0.41148225160114393 0.08851774839885607 0.41148225160114393 0.08851774839885607
3 0.41148225160114393 0.08851774839885607 0.41148225160114393 0.08851774839885607
4 0.41148225160114393 0.08851774839885607 0.41148225160114393 0.08851774839885607
5 0.41148225160114393 0.08851774839885607 0.41148225160114393 0.08851774839885607
6 0.41148225160114393 0.08851774839885607 0.41148225160114393 0.08851774839885607
7 0.41148225160114393 0.08851774839885607 0.41148225160114393 0.08851774839885607
8 0.41148225160114393 0.08851774839885607 0.41148225160114393 0.08851774839885607
9 0.41148225160114393 0.08851774839885607 0.41148225160114393 0.08851774839885607
10 0.41148225160114393 0.08851774839885607 0.41148225160114393 0.08851774839885607
11 0.41148225160114393 0.08851774839885607 0.41148225160114393 0.08851774839885607
12 0.41148225160114393 0.08851774839885607 0.41148225160114393 0.08851774839885607
13 0.41148225160114393 0.08851774839885607 0.41148225160114393 0.08851774839885607
14 0.41148225160114393 0.08851774839885607 0.41148225160114393 0.08851774839885607
15 0.41148225160114393 0.08851774839885607 0.41148225160114393 0.08851774839885607
16 0.41148225160114393 0.08851774839885607 0.41148225160114393 0.08851774839885607
17 0.41148225160114393 0.08851774839885607 0.41148225160114393 0.08851774839885607
18 0.41148225160114393 0.08851774839885607 0.41148225160114393 0.08851774839885607
19 0.6077705726618475 0.13074314244605081 0.13074314244605081 0.13074314244605081
20 0.04662852789639376 0.8601144163108188 0.04662852789639376 0.04662852789639376
21 0.06951045334470815 0.06951045334470815 0.06951045334470815 0.7914686399658756
22 0.08851774839885607 0.41148225160114393 0.08851774839885607 0.41148225160114393
23 0.25 0.25 0.25 0.25
24 0.25 0.25 0.25 0.25
25 0.25 0.25 0.25 0.25
26 0.25 0.25 0.25 0.25
27 0.25 0.25 0.25 0.25
28 0.25 0.25 0.25 0.25
29 0.25 0.25 0.25 0.25
30 0.25 0.25 0.25 0.25
31 0.25 0.25 0.25 0.25
32 0.25 0.25 0.25 0.25
33 0.25 0.25 0.25 0.25
34 0.25 0.25 0.25 0.25
35 0.25 0.25 0.25 0.25
36 0.25 0.25 0.25 0.25
37 0.08851774839885607 0.41148225160114393 0.08851774839885607 0.41148225160114393
38 0.06951045334470815 0.06951045334470815 0.06951045334470815 0.7914686399658756
39 0.04662852789639376 0.8601144163108188 0.04662852789639376 0.04662852789639376
40 0.6077705726618475 0.13074314244605081 0.13074314244605081 0.13074314244605081
41 0.41148225160114393 0.08851774839885607 0.41148225160114393 0.08851774839885607
42 0.41148225160114393 0.08851774839885607 0.41148225160114393 0.08851774839885607
43 0.41148225160114393 0.08851774839885607 0.41148225160114393 0.08851774839885607
44 0.41148225160114393 0.08851774839885607 0.41148225160114393 0.08851774839885607
45 0.41148225160114393 0.08851774839885607 0.41148225160114393 0.08851774839885607
46 0.41148225160114393 0.08851774839885607 0.41148225160114393 0.08851774839885607
47 0.41148225160114393 0.08851774839885607 0.41148225160114393 0.08851774839885607
48 0.41148225160114393 0.08851774839885607 0.41148225160114393 0.08851774839885607
49 0.41148225160114393 0.08851774839885607 0.41148225160114393 0.08851774839885607
50 0.41148225160114393 0.08851774839885607 0.41148225160114393 0.08851774839885607
51 0.41148225160114393 0.08851774839885607 0.41148225160114393 0.08851774839885607
52 0.41148225160114393 0.08851774839885607 0.41148225160114393 0.08851774839885607
53 0.41148225160114393 0.08851774839885607 0.41148225160114393 0.08851774839885607
54 0.41148225160114393 0.08851774839885607 0.41148225160114393 0.08851774839885607
55 0.41148225160114393 0.08851774839885607 0.41148225160114393 0.08851774839885607
56 0.41148225160114393 0.08851774839885607 0.41148225160114393 0.08851774839885607
57 0.41148225160114393 0.08851774839885607 0.41148225160114393 0.08851774839885607
58 0.41148225160114393 0.08851774839885607 0.41148225160114393 0.08851774839885607
59 0.41148225160114393 0.08851774839885607 0.41148225160114393 0.08851774839885607
1000 0.25 0.25 0.25 0.25
1001 0.25 0.25 0.25 0.25
1002 0.25 0.25 0.25 0.25
1003 0.25 0.25 0.25 0.25
1004 0.25 0.25 0.25 0.25
1005 0.13074314244605081 0.6077705726618475 0.13074314244605081 0.13074314244605081
1006 0.13074314244605081 0.13074314244605081 0.13074314244605081 0.6077705726618475
1007 0.25 0.25 0.25 0.25
1008 0.13074314244605081 0.13074314244605081 0.13074314244605081 0.6077705726618475
1009 0.13074314244605081 0.6077705726618475 0.13074314244605081 0.13074314244605081
1010 0.25 0.25 0.25 0.25
1011 0.25 0.25 0.25 0.25
1012 0.25 0.25 0.25 0.25
1013 0.25 0.25 0.25 0.25
1014 0.25 0.25 0.25 0.25
