0 role_0 role_1 role_2 role_3
0 0.24036708426432304 0.35658897525251393 0.35658897525251393 0.04645496523064922
1 0.24036708426432304 0.35658897525251393 0.35658897525251393 0.04645496523064922
2 0.24036708426432304 0.35658897525251393 0.35658897525251393 0.04645496523064922
3 0.24036708426432304 0.35658897525251393 0.35658897525251393 0.04645496523064922
4 0.24036708426432304 0.35658897525251393 0.35658897525251393 0.04645496523064922
5 0.24036708426432304 0.35658897525251393 0.35658897525251393 0.04645496523064922
6 0.24036708426432304 0.35658897525251393 0.35658897525251393 0.04645496523064922
7 0.24036708426432304 0.35658897525251393 0.35658897525251393 0.04645496523064922
8 0.24036708426432304 0.35658897525251393 0.35658897525251393 0.04645496523064922
9 0.24036708426432304 0.35658897525251393 0.35658897525251393 0.04645496523064922
10 0.24036708426432304 0.35658897525251393 0.35658897525251393 0.04645496523064922
11 0.24036708426432304 0.35658897525251393 0.35658897525251393 0.04645496523064922
12 0.24036708426432304 0.35658897525251393 0.35658897525251393 0.04645496523064922
13 0.24036708426432304 0.35658897525251393 0.35658897525251393 0.04645496523064922
14 0.24036708426432304 0.35658897525251393 0.35658897525251393 0.04645496523064922
15 0.24036708426432304 0.35658897525251393 0.35658897525251393 0.04645496523064922
16 0.24036708426432304 0.35658897525251393 0.35658897525251393 0.04645496523064922
17 0.24036708426432304 0.35658897525251393 0.35658897525251393 0.04645496523064922
18 0.24036708426432304 0.35658897525251393 0.35658897525251393 0.04645496523064922
19 0.24036708426432304 0.35658897525251393 0.35658897525251393 0.04645496523064922
20 0.24036708426432304 0.35658897525251393 0.35658897525251393 0.04645496523064922
21 0.24036708426432304 0.35658897525251393 0.35658897525251393 0.04645496523064922
22 0.24036708426432304 0.35658897525251393 0.35658897525251393 0.04645496523064922
23 0.24036708426432304 0.35658897525251393 0.35658897525251393 0.04645496523064922
24 0.24036708426432304 0.35658897525251393 0.35658897525251393 0.04645496523064922
25 0.24036708426432304 0.35658897525251393 0.35658897525251393 0.04645496523064922
26 0.24036708426432304 0.35658897525251393 0.35658897525251393 0.04645496523064922
27 0.24036708426432304 0.35658897525251393 0.35658897525251393 0.04645496523064922
28 0.24036708426432304 0.35658897525251393 0.35658897525251393 0.04645496523064922
29 0.4423698503257986 0.4423698503257986 0.0576301496742014 0.0576301496742014
30 0.031417773536609885 0.031417773536609885 0.031417773536609885 0.9057466793901704
31 0.08098220710793633 0.08098220710793633 0.41901779289206365 0.41901779289206365
32 0.12233619416515538 0.12233619416515538 0.12233619416515538 0.6329914175045339
33 0.25 0.25 0.25 0.25
34 0.25 0.25 0.25 0.25
35 0.25 0.25 0.25 0.25
36 0.25 0.25 0.25 0.25
37 0.25 0.25 0.25 0.25
38 0.25 0.25 0.25 0.25
39 0.25 0.25 0.25 0.25
40 0.25 0.25 0.25 0.25
41 0.25 0.25 0.25 0.25
42 0.25 0.25 0.25 0.25
43 0.25 0.25 0.25 0.25
44 0.25 0.25 0.25 0.25
45 0.25 0.25 0.25 0.25
46 0.25 0.25 0.25 0.25
47 0.25 0.25 0.25 0.25
48 0.25 0.25 0.25 0.25
49 0.25 0.25 0.25 0.25
50 0.25 0.25 0.25 0.25
51 0.25 0.25 0.25 0.25
52 0.25 0.25 0.25 0.25
53 0.25 0.25 0.25 0.25
54 0.25 0.25 0.25 0.25
55 0.25 0.25 0.25 0.25
56 0.25 0.25 0.25 0.25
57 0.12233619416515538 0.12233619416515538 0.12233619416515538 0.6329914175045339
58 0.08098220710793633 0.08098220710793633 0.41901779289206365 0.41901779289206365
59 0.031417773536609885 0.031417773536609885 0.031417773536609885 0.9057466793901704
60 0.4423698503257986 0.4423698503257986 0.0576301496742014 0.0576301496742014
61 0.24036708426432304 0.35658897525251393 0.35658897525251393 0.04645496523064922
62 0.24036708426432304 0.35658897525251393 0.35658897525251393 0.04645496523064922
63 0.24036708426432304 0.35658897525251393 0.35658897525251393 0.04645496523064922
64 0.24036708426432304 0.35658897525251393 0.35658897525251393 0.04645496523064922
65 0.24036708426432304 0.35658897525251393 0.35658897525251393 0.04645496523064922
66 0.24036708426432304 0.35658897525251393 0.35658897525251393 0.04645496523064922
67 0.24036708426432304 0.35658897525251393 0.35658897525251393 0.04645496523064922
68 0.24036708426432304 0.35658897525251393 0.35658897525251393 0.04645496523064922
69 0.24036708426432304 0.35658897525251393 0.35658897525251393 0.04645496523064922
70 0.24036708426432304 0.35658897525251393 0.35658897525251393 0.04645496523064922
71 0.24036708426432304 0.35658897525251393 0.35658897525251393 0.04645496523064922
72 0.24036708426432304 0.35658897525251393 0.35658897525251393 0.04645496523064922
73 0.24036708426432304 0.35658897525251393 0.35658897525251393 0.04645496523064922
74 0.24036708426432304 0.35658897525251393 0.35658897525251393 0.04645496523064922
75 0.24036708426432304 0.35658897525251393 0.35658897525251393 0.04645496523064922
76 0.24036708426432304 0.35658897525251393 0.35658897525251393 0.04645496523064922
77 0.24036708426432304 0.35658897525251393 0.35658897525251393 0.04645496523064922
78 0.24036708426432304 0.35658897525251393 0.35658897525251393 0.04645496523064922
79 0.24036708426432304 0.35658897525251393 0.35658897525251393 0.04645496523064922
80 0.24036708426432304 0.35658897525251393 0.35658897525251393 0.04645496523064922
81 0.24036708426432304 0.35658897525251393 0.35658897525251393 0.04645496523064922
82 0.24036708426432304 0.35658897525251393 0.35658897525251393 0.04645496523064922
83 0.24036708426432304 0.35658897525251393 0.35658897525251393 0.04645496523064922
84 0.24036708426432304 0.35658897525251393 0.35658897525251393 0.04645496523064922
85 0.24036708426432304 0.35658897525251393 0.35658897525251393 0.04645496523064922
86 0.24036708426432304 0.35658897525251393 0.35658897525251393 0.04645496523064922
87 0.24036708426432304 0.35658897525251393 0.35658897525251393 0.04645496523064922
88 0.24036708426432304 0.35658897525251393 0.35658897525251393 0.04645496523064922
89 0.24036708426432304 0.35658897525251393 0.35658897525251393 0.04645496523064922
1000 0.25 0.25 0.25 0.25
1001 0.25 0.25 0.25 0.25
1002 0.25 0.25 0.25 0.25
1003 0.25 0.25 0.25 0.25
1004 0.25 0.25 0.25 0.25
1005 0.12233619416515538 0.12233619416515538 0.12233619416515538 0.6329914175045339
1006 0.25 0.25 0.25 0.25
1007 0.12233619416515538 0.12233619416515538 0.12233619416515538 0.6329914175045339
1008 0.25 0.25 0.25 0.25
1009 0.12233619416515538 0.12233619416515538 0.12233619416515538 0.6329914175045339
1010 0.25 0.25 0.25 0.25
1011 0.25 0.25 0.25 0.25
1012 0.25 0.25 0.25 0.25
1013 0.25 0.25 0.25 0.25
1014 0.25 0.25 0.25 0.25
