0 role_0 role_1 role_2 role_3
0 0.20973527085114907 0.37694215742087206 0.37694215742087206 0.036380414307106784
1 0.20973527085114907 0.37694215742087206 0.37694215742087206 0.036380414307106784
2 0.20973527085114907 0.37694215742087206 0.37694215742087206 0.036380414307106784
3 0.20973527085114907 0.37694215742087206 0.37694215742087206 0.036380414307106784
4 0.20973527085114907 0.37694215742087206 0.37694215742087206 0.036380414307106784
5 0.20973527085114907 0.37694215742087206 0.37694215742087206 0.036380414307106784
6 0.20973527085114907 0.37694215742087206 0.37694215742087206 0.036380414307106784
7 0.20973527085114907 0.37694215742087206 0.37694215742087206 0.036380414307106784
8 0.20973527085114907 0.37694215742087206 0.37694215742087206 0.036380414307106784
9 0.20973527085114907 0.37694215742087206 0.37694215742087206 0.036380414307106784
10 0.20973527085114907 0.37694215742087206 0.37694215742087206 0.036380414307106784
11 0.20973527085114907 0.37694215742087206 0.37694215742087206 0.036380414307106784
12 0.20973527085114907 0.37694215742087206 0.37694215742087206 0.036380414307106784
13 0.20973527085114907 0.37694215742087206 0.37694215742087206 0.036380414307106784
14 0.20973527085114907 0.37694215742087206 0.37694215742087206 0.036380414307106784
15 0.20973527085114907 0.37694215742087206 0.37694215742087206 0.036380414307106784
16 0.20973527085114907 0.37694215742087206 0.37694215742087206 0.036380414307106784
17 0.20973527085114907 0.37694215742087206 0.37694215742087206 0.036380414307106784
18 0.20973527085114907 0.37694215742087206 0.37694215742087206 0.036380414307106784
19 0.20973527085114907 0.37694215742087206 0.37694215742087206 0.036380414307106784
20 0.20973527085114907 0.37694215742087206 0.37694215742087206 0.036380414307106784
21 0.20973527085114907 0.37694215742087206 0.37694215742087206 0.036380414307106784
22 0.20973527085114907 0.37694215742087206 0.37694215742087206 0.036380414307106784
23 0.20973527085114907 0.37694215742087206 0.37694215742087206 0.036380414307106784
24 0.20973527085114907 0.37694215742087206 0.37694215742087206 0.036380414307106784
25 0.20973527085114907 0.37694215742087206 0.37694215742087206 0.036380414307106784
26 0.20973527085114907 0.37694215742087206 0.37694215742087206 0.036380414307106784
27 0.20973527085114907 0.37694215742087206 0.37694215742087206 0.036380414307106784
28 0.20973527085114907 0.37694215742087206 0.37694215742087206 0.036380414307106784
29 0.20973527085114907 0.37694215742087206 0.37694215742087206 0.036380414307106784
30 0.20973527085114907 0.37694215742087206 0.37694215742087206 0.036380414307106784
31 0.20973527085114907 0.37694215742087206 0.37694215742087206 0.036380414307106784
32 0.20973527085114907 0.37694215742087206 0.37694215742087206 0.036380414307106784
33 0.20973527085114907 0.37694215742087206 0.37694215742087206 0.036380414307106784
34 0.20973527085114907 0.37694215742087206 0.37694215742087206 0.036380414307106784
35 0.20973527085114907 0.37694215742087206 0.37694215742087206 0.036380414307106784
36 0.20973527085114907 0.37694215742087206 0.37694215742087206 0.036380414307106784
37 0.20973527085114907 0.37694215742087206 0.37694215742087206 0.036380414307106784
38 0.20973527085114907 0.37694215742087206 0.37694215742087206 0.036380414307106784
39 0.31805141521737984 0.571610993879449 0.055168795451585505 0.055168795451585505
40 0.023945500009552697 0.023945500009552697 0.023945500009552697 0.928163499971342
41 0.11408935037801374 0.11408935037801374 0.11408935037801374 0.6577319488659588
42 0.11408935037801374 0.11408935037801374 0.11408935037801374 0.6577319488659588
43 0.25 0.25 0.25 0.25
44 0.25 0.25 0.25 0.25
45 0.25 0.25 0.25 0.25
46 0.25 0.25 0.25 0.25
47 0.25 0.25 0.25 0.25
48 0.25 0.25 0.25 0.25
49 0.25 0.25 0.25 0.25
50 0.25 0.25 0.25 0.25
51 0.25 0.25 0.25 0.25
52 0.25 0.25 0.25 0.25
53 0.25 0.25 0.25 0.25
54 0.25 0.25 0.25 0.25
55 0.25 0.25 0.25 0.25
56 0.25 0.25 0.25 0.25
57 0.25 0.25 0.25 0.25
58 0.25 0.25 0.25 0.25
59 0.25 0.25 0.25 0.25
60 0.25 0.25 0.25 0.25
61 0.25 0.25 0.25 0.25
62 0.25 0.25 0.25 0.25
63 0.25 0.25 0.25 0.25
64 0.25 0.25 0.25 0.25
65 0.25 0.25 0.25 0.25
66 0.25 0.25 0.25 0.25
67 0.25 0.25 0.25 0.25
68 0.25 0.25 0.25 0.25
69 0.25 0.25 0.25 0.25
70 0.25 0.25 0.25 0.25
71 0.25 0.25 0.25 0.25
72 0.25 0.25 0.25 0.25
73 0.25 0.25 0.25 0.25
74 0.25 0.25 0.25 0.25
75 0.25 0.25 0.25 0.25
76 0.25 0.25 0.25 0.25
77 0.11408935037801374 0.11408935037801374 0.11408935037801374 0.6577319488659588
78 0.11408935037801374 0.11408935037801374 0.11408935037801374 0.6577319488659588
79 0.023945500009552697 0.023945500009552697 0.023945500009552697 0.928163499971342
80 0.31805141521737984 0.571610993879449 0.055168795451585505 0.055168795451585505
81 0.20973527085114907 0.37694215742087206 0.37694215742087206 0.036380414307106784
82 0.20973527085114907 0.37694215742087206 0.37694215742087206 0.036380414307106784
83 0.20973527085114907 0.37694215742087206 0.37694215742087206 0.036380414307106784
84 0.20973527085114907 0.37694215742087206 0.37694215742087206 0.036380414307106784
85 0.20973527085114907 0.37694215742087206 0.37694215742087206 0.036380414307106784
86 0.20973527085114907 0.37694215742087206 0.37694215742087206 0.036380414307106784
87 0.20973527085114907 0.37694215742087206 0.37694215742087206 0.036380414307106784
88 0.20973527085114907 0.37694215742087206 0.37694215742087206 0.036380414307106784
89 0.20973527085114907 0.37694215742087206 0.37694215742087206 0.036380414307106784
90 0.20973527085114907 0.37694215742087206 0.37694215742087206 0.036380414307106784
91 0.20973527085114907 0.37694215742087206 0.37694215742087206 0.036380414307106784
92 0.20973527085114907 0.37694215742087206 0.37694215742087206 0.036380414307106784
93 0.20973527085114907 0.37694215742087206 0.37694215742087206 0.036380414307106784
94 0.20973527085114907 0.37694215742087206 0.37694215742087206 0.036380414307106784
95 0.20973527085114907 0.37694215742087206 0.37694215742087206 0.036380414307106784
96 0.20973527085114907 0.37694215742087206 0.37694215742087206 0.036380414307106784
97 0.20973527085114907 0.37694215742087206 0.37694215742087206 0.036380414307106784
98 0.20973527085114907 0.37694215742087206 0.37694215742087206 0.036380414307106784
99 0.20973527085114907 0.37694215742087206 0.37694215742087206 0.036380414307106784
100 0.20973527085114907 0.37694215742087206 0.37694215742087206 0.036380414307106784
101 0.20973527085114907 0.37694215742087206 0.37694215742087206 0.036380414307106784
102 0.20973527085114907 0.37694215742087206 0.37694215742087206 0.036380414307106784
103 0.20973527085114907 0.37694215742087206 0.37694215742087206 0.036380414307106784
104 0.20973527085114907 0.37694215742087206 0.37694215742087206 0.036380414307106784
105 0.20973527085114907 0.37694215742087206 0.37694215742087206 0.036380414307106784
106 0.20973527085114907 0.37694215742087206 0.37694215742087206 0.036380414307106784
107 0.20973527085114907 0.37694215742087206 0.37694215742087206 0.036380414307106784
108 0.20973527085114907 0.37694215742087206 0.37694215742087206 0.036380414307106784
109 0.20973527085114907 0.37694215742087206 0.37694215742087206 0.036380414307106784
110 0.20973527085114907 0.37694215742087206 0.37694215742087206 0.036380414307106784
111 0.20973527085114907 0.37694215742087206 0.37694215742087206 0.036380414307106784
112 0.20973527085114907 0.37694215742087206 0.37694215742087206 0.036380414307106784
113 0.20973527085114907 0.37694215742087206 0.37694215742087206 0.036380414307106784
114 0.20973527085114907 0.37694215742087206 0.37694215742087206 0.036380414307106784
115 0.20973527085114907 0.37694215742087206 0.37694215742087206 0.036380414307106784
116 0.20973527085114907 0.37694215742087206 0.37694215742087206 0.036380414307106784
117 0.20973527085114907 0.37694215742087206 0.37694215742087206 0.036380414307106784
118 0.20973527085114907 0.37694215742087206 0.37694215742087206 0.036380414307106784
119 0.20973527085114907 0.37694215742087206 0.37694215742087206 0.036380414307106784
1000 0.25 0.25 0.25 0.25
1001 0.25 0.25 0.25 0.25
1002 0.25 0.25 0.25 0.25
1003 0.25 0.25 0.25 0.25
1004 0.25 0.25 0.25 0.25
1005 0.11408935037801374 0.11408935037801374 0.11408935037801374 0.6577319488659588
1006 0.25 0.25 0.25 0.25
1007 0.25 0.25 0.25 0.25
1008 0.25 0.25 0.25 0.25
1009 0.11408935037801374 0.11408935037801374 0.11408935037801374 0.6577319488659588
1010 0.25 0.25 0.25 0.25
1011 0.25 0.25 0.25 0.25
1012 0.25 0.25 0.25 0.25
1013 0.25 0.25 0.25 0.25
1014 0.25 0.25 0.25 0.25
