0 role_0 role_1 role_2
0 0.2779500303013286 0.6724295048465893 0.04962046485208221
1 0.2779500303013286 0.6724295048465893 0.04962046485208221
2 0.2779500303013286 0.6724295048465893 0.04962046485208221
3 0.2779500303013286 0.6724295048465893 0.04962046485208221
4 0.2779500303013286 0.6724295048465893 0.04962046485208221
5 0.2779500303013286 0.6724295048465893 0.04962046485208221
6 0.2779500303013286 0.6724295048465893 0.04962046485208221
7 0.2779500303013286 0.6724295048465893 0.04962046485208221
8 0.2779500303013286 0.6724295048465893 0.04962046485208221
9 0.2779500303013286 0.6724295048465893 0.04962046485208221
10 0.2779500303013286 0.6724295048465893 0.04962046485208221
11 0.2779500303013286 0.6724295048465893 0.04962046485208221
12 0.2779500303013286 0.6724295048465893 0.04962046485208221
13 0.2779500303013286 0.6724295048465893 0.04962046485208221
14 0.2779500303013286 0.6724295048465893 0.04962046485208221
15 0.2779500303013286 0.6724295048465893 0.04962046485208221
16 0.2779500303013286 0.6724295048465893 0.04962046485208221
17 0.2779500303013286 0.6724295048465893 0.04962046485208221
18 0.2779500303013286 0.6724295048465893 0.04962046485208221
19 0.2779500303013286 0.6724295048465893 0.04962046485208221
20 0.2779500303013286 0.6724295048465893 0.04962046485208221
21 0.2779500303013286 0.6724295048465893 0.04962046485208221
22 0.2779500303013286 0.6724295048465893 0.04962046485208221
23 0.2779500303013286 0.6724295048465893 0.04962046485208221
24 0.2779500303013286 0.6724295048465893 0.04962046485208221
25 0.2779500303013286 0.6724295048465893 0.04962046485208221
26 0.2779500303013286 0.6724295048465893 0.04962046485208221
27 0.2779500303013286 0.6724295048465893 0.04962046485208221
28 0.2779500303013286 0.6724295048465893 0.04962046485208221
29 0.2779500303013286 0.6724295048465893 0.04962046485208221
30 0.2779500303013286 0.6724295048465893 0.04962046485208221
31 0.2779500303013286 0.6724295048465893 0.04962046485208221
32 0.2779500303013286 0.6724295048465893 0.04962046485208221
33 0.2779500303013286 0.6724295048465893 0.04962046485208221
34 0.2779500303013286 0.6724295048465893 0.04962046485208221
35 0.2779500303013286 0.6724295048465893 0.04962046485208221
36 0.2779500303013286 0.6724295048465893 0.04962046485208221
37 0.2779500303013286 0.6724295048465893 0.04962046485208221
38 0.2779500303013286 0.6724295048465893 0.04962046485208221
39 0.2779500303013286 0.6724295048465893 0.04962046485208221
40 0.2779500303013286 0.6724295048465893 0.04962046485208221
41 0.2779500303013286 0.6724295048465893 0.04962046485208221
42 0.2779500303013286 0.6724295048465893 0.04962046485208221
43 0.2779500303013286 0.6724295048465893 0.04962046485208221
44 0.2779500303013286 0.6724295048465893 0.04962046485208221
45 0.2779500303013286 0.6724295048465893 0.04962046485208221
46 0.2779500303013286 0.6724295048465893 0.04962046485208221
47 0.2779500303013286 0.6724295048465893 0.04962046485208221
48 0.2779500303013286 0.6724295048465893 0.04962046485208221
49 0.2779500303013286 0.6724295048465893 0.04962046485208221
50 0.022754863832079447 0.022754863832079447 0.954490272335841
51 0.1315526354379214 0.1315526354379214 0.7368947291241572
52 0.1315526354379214 0.1315526354379214 0.7368947291241572
53 0.3333333333333333 0.3333333333333333 0.3333333333333333
54 0.3333333333333333 0.3333333333333333 0.3333333333333333
55 0.3333333333333333 0.3333333333333333 0.3333333333333333
56 0.3333333333333333 0.3333333333333333 0.3333333333333333
57 0.3333333333333333 0.3333333333333333 0.3333333333333333
58 0.3333333333333333 0.3333333333333333 0.3333333333333333
59 0.3333333333333333 0.3333333333333333 0.3333333333333333
60 0.3333333333333333 0.3333333333333333 0.3333333333333333
61 0.3333333333333333 0.3333333333333333 0.3333333333333333
62 0.3333333333333333 0.3333333333333333 0.3333333333333333
63 0.3333333333333333 0.3333333333333333 0.3333333333333333
64 0.3333333333333333 0.3333333333333333 0.3333333333333333
65 0.3333333333333333 0.3333333333333333 0.3333333333333333
66 0.3333333333333333 0.3333333333333333 0.3333333333333333
67 0.3333333333333333 0.3333333333333333 0.3333333333333333
68 0.3333333333333333 0.3333333333333333 0.3333333333333333
69 0.3333333333333333 0.3333333333333333 0.3333333333333333
70 0.3333333333333333 0.3333333333333333 0.3333333333333333
71 0.3333333333333333 0.3333333333333333 0.3333333333333333
72 0.3333333333333333 0.3333333333333333 0.3333333333333333
73 0.3333333333333333 0.3333333333333333 0.3333333333333333
74 0.3333333333333333 0.3333333333333333 0.3333333333333333
75 0.3333333333333333 0.3333333333333333 0.3333333333333333
76 0.3333333333333333 0.3333333333333333 0.3333333333333333
77 0.3333333333333333 0.3333333333333333 0.3333333333333333
78 0.3333333333333333 0.3333333333333333 0.3333333333333333
79 0.3333333333333333 0.3333333333333333 0.3333333333333333
80 0.3333333333333333 0.3333333333333333 0.3333333333333333
81 0.3333333333333333 0.3333333333333333 0.3333333333333333
82 0.3333333333333333 0.3333333333333333 0.3333333333333333
83 0.3333333333333333 0.3333333333333333 0.3333333333333333
84 0.3333333333333333 0.3333333333333333 0.3333333333333333
85 0.3333333333333333 0.3333333333333333 0.3333333333333333
86 0.3333333333333333 0.3333333333333333 0.3333333333333333
87 0.3333333333333333 0.3333333333333333 0.3333333333333333
88 0.3333333333333333 0.3333333333333333 0.3333333333333333
89 0.3333333333333333 0.3333333333333333 0.3333333333333333
90 0.3333333333333333 0.3333333333333333 0.3333333333333333
91 0.3333333333333333 0.3333333333333333 0.3333333333333333
92 0.3333333333333333 0.3333333333333333 0.3333333333333333
93 0.3333333333333333 0.3333333333333333 0.3333333333333333
94 0.3333333333333333 0.3333333333333333 0.3333333333333333
95 0.3333333333333333 0.3333333333333333 0.3333333333333333
96 0.3333333333333333 0.3333333333333333 0.3333333333333333
97 0.1315526354379214 0.1315526354379214 0.7368947291241572
98 0.1315526354379214 0.1315526354379214 0.7368947291241572
99 0.022754863832079447 0.022754863832079447 0.954490272335841
100 0.2779500303013286 0.6724295048465893 0.04962046485208221
101 0.2779500303013286 0.6724295048465893 0.04962046485208221
102 0.2779500303013286 0.6724295048465893 0.04962046485208221
103 0.2779500303013286 0.6724295048465893 0.04962046485208221
104 0.2779500303013286 0.6724295048465893 0.04962046485208221
105 0.2779500303013286 0.6724295048465893 0.04962046485208221
106 0.2779500303013286 0.6724295048465893 0.04962046485208221
107 0.2779500303013286 0.6724295048465893 0.04962046485208221
108 0.2779500303013286 0.6724295048465893 0.04962046485208221
109 0.2779500303013286 0.6724295048465893 0.04962046485208221
110 0.2779500303013286 0.6724295048465893 0.04962046485208221
111 0.2779500303013286 0.6724295048465893 0.04962046485208221
112 0.2779500303013286 0.6724295048465893 0.04962046485208221
113 0.2779500303013286 0.6724295048465893 0.04962046485208221
114 0.2779500303013286 0.6724295048465893 0.04962046485208221
115 0.2779500303013286 0.6724295048465893 0.04962046485208221
116 0.2779500303013286 0.6724295048465893 0.04962046485208221
117 0.2779500303013286 0.6724295048465893 0.04962046485208221
118 0.2779500303013286 0.6724295048465893 0.04962046485208221
119 0.2779500303013286 0.6724295048465893 0.04962046485208221
120 0.2779500303013286 0.6724295048465893 0.04962046485208221
121 0.2779500303013286 0.6724295048465893 0.04962046485208221
122 0.2779500303013286 0.6724295048465893 0.04962046485208221
123 0.2779500303013286 0.6724295048465893 0.04962046485208221
124 0.2779500303013286 0.6724295048465893 0.04962046485208221
125 0.2779500303013286 0.6724295048465893 0.04962046485208221
126 0.2779500303013286 0.6724295048465893 0.04962046485208221
127 0.2779500303013286 0.6724295048465893 0.04962046485208221
128 0.2779500303013286 0.6724295048465893 0.04962046485208221
129 0.2779500303013286 0.6724295048465893 0.04962046485208221
130 0.2779500303013286 0.6724295048465893 0.04962046485208221
131 0.2779500303013286 0.6724295048465893 0.04962046485208221
132 0.2779500303013286 0.6724295048465893 0.04962046485208221
133 0.2779500303013286 0.6724295048465893 0.04962046485208221
134 0.2779500303013286 0.6724295048465893 0.04962046485208221
135 0.2779500303013286 0.6724295048465893 0.04962046485208221
136 0.2779500303013286 0.6724295048465893 0.04962046485208221
137 0.2779500303013286 0.6724295048465893 0.04962046485208221
138 0.2779500303013286 0.6724295048465893 0.04962046485208221
139 0.2779500303013286 0.6724295048465893 0.04962046485208221
140 0.2779500303013286 0.6724295048465893 0.04962046485208221
141 0.2779500303013286 0.6724295048465893 0.04962046485208221
142 0.2779500303013286 0.6724295048465893 0.04962046485208221
143 0.2779500303013286 0.6724295048465893 0.04962046485208221
144 0.2779500303013286 0.6724295048465893 0.04962046485208221
145 0.2779500303013286 0.6724295048465893 0.04962046485208221
146 0.2779500303013286 0.6724295048465893 0.04962046485208221
147 0.2779500303013286 0.6724295048465893 0.04962046485208221
148 0.2779500303013286 0.6724295048465893 0.04962046485208221
149 0.2779500303013286 0.6724295048465893 0.04962046485208221
1000 0.3333333333333333 0.3333333333333333 0.3333333333333333
1001 0.3333333333333333 0.3333333333333333 0.3333333333333333
1002 0.3333333333333333 0.3333333333333333 0.3333333333333333
1003 0.3333333333333333 0.3333333333333333 0.3333333333333333
1004 0.3333333333333333 0.3333333333333333 0.3333333333333333
1005 0.1315526354379214 0.1315526354379214 0.7368947291241572
1006 0.3333333333333333 0.3333333333333333 0.3333333333333333
1007 0.3333333333333333 0.3333333333333333 0.3333333333333333
1008 0.3333333333333333 0.3333333333333333 0.3333333333333333
1009 0.1315526354379214 0.1315526354379214 0.7368947291241572
1010 0.3333333333333333 0.3333333333333333 0.3333333333333333
1011 0.3333333333333333 0.3333333333333333 0.3333333333333333
1012 0.3333333333333333 0.3333333333333333 0.3333333333333333
1013 0.3333333333333333 0.3333333333333333 0.3333333333333333
1014 0.3333333333333333 0.3333333333333333 0.3333333333333333
