0 role_0 role_1
0 0.6832448318841787 0.3167551681158212
1 0.6832448318841787 0.3167551681158212
2 0.6832448318841787 0.3167551681158212
3 0.6832448318841787 0.3167551681158212
4 0.6832448318841787 0.3167551681158212
5 0.003110159177556511 0.9968898408224435
6 0.3167551681158212 0.6832448318841787
7 0.3167551681158212 0.6832448318841787
8 0.3167551681158212 0.6832448318841787
9 0.003110159177556511 0.9968898408224435
10 0.6832448318841787 0.3167551681158212
11 0.6832448318841787 0.3167551681158212
12 0.6832448318841787 0.3167551681158212
13 0.6832448318841787 0.3167551681158212
14 0.6832448318841787 0.3167551681158212
1000 0.6832448318841787 0.3167551681158212
1001 0.6832448318841787 0.3167551681158212
1002 0.6832448318841787 0.3167551681158212
1003 0.6832448318841787 0.3167551681158212
1004 0.6832448318841787 0.3167551681158212
1005 0.003110159177556511 0.9968898408224435
1006 0.3167551681158212 0.6832448318841787
1007 0.3167551681158212 0.6832448318841787
1008 0.3167551681158212 0.6832448318841787
1009 0.003110159177556511 0.9968898408224435
1010 0.6832448318841787 0.3167551681158212
1011 0.6832448318841787 0.3167551681158212
1012 0.6832448318841787 0.3167551681158212
1013 0.6832448318841787 0.3167551681158212
1014 0.6832448318841787 0.3167551681158212
