0 role_0 role_1 role_2 role_3
0 0.16505943326809547 0.4364325144659096 0.3697945784176841 0.0287134738483109
1 0.16505943326809547 0.4364325144659096 0.3697945784176841 0.0287134738483109
2 0.16505943326809547 0.4364325144659096 0.3697945784176841 0.0287134738483109
3 0.16505943326809547 0.4364325144659096 0.3697945784176841 0.0287134738483109
4 0.16505943326809547 0.4364325144659096 0.3697945784176841 0.0287134738483109
5 0.16505943326809547 0.4364325144659096 0.3697945784176841 0.0287134738483109
6 0.16505943326809547 0.4364325144659096 0.3697945784176841 0.0287134738483109
7 0.16505943326809547 0.4364325144659096 0.3697945784176841 0.0287134738483109
8 0.16505943326809547 0.4364325144659096 0.3697945784176841 0.0287134738483109
9 0.16505943326809547 0.4364325144659096 0.3697945784176841 0.0287134738483109
10 0.16505943326809547 0.4364325144659096 0.3697945784176841 0.0287134738483109
11 0.16505943326809547 0.4364325144659096 0.3697945784176841 0.0287134738483109
12 0.16505943326809547 0.4364325144659096 0.3697945784176841 0.0287134738483109
13 0.16505943326809547 0.4364325144659096 0.3697945784176841 0.0287134738483109
14 0.16505943326809547 0.4364325144659096 0.3697945784176841 0.0287134738483109
15 0.16505943326809547 0.4364325144659096 0.3697945784176841 0.0287134738483109
16 0.16505943326809547 0.4364325144659096 0.3697945784176841 0.0287134738483109
17 0.16505943326809547 0.4364325144659096 0.3697945784176841 0.0287134738483109
18 0.16505943326809547 0.4364325144659096 0.3697945784176841 0.0287134738483109
19 0.16505943326809547 0.4364325144659096 0.3697945784176841 0.0287134738483109
20 0.16505943326809547 0.4364325144659096 0.3697945784176841 0.0287134738483109
21 0.16505943326809547 0.4364325144659096 0.3697945784176841 0.0287134738483109
22 0.16505943326809547 0.4364325144659096 0.3697945784176841 0.0287134738483109
23 0.16505943326809547 0.4364325144659096 0.3697945784176841 0.0287134738483109
24 0.16505943326809547 0.4364325144659096 0.3697945784176841 0.0287134738483109
25 0.16505943326809547 0.4364325144659096 0.3697945784176841 0.0287134738483109
26 0.16505943326809547 0.4364325144659096 0.3697945784176841 0.0287134738483109
27 0.16505943326809547 0.4364325144659096 0.3697945784176841 0.0287134738483109
28 0.16505943326809547 0.4364325144659096 0.3697945784176841 0.0287134738483109
29 0.16505943326809547 0.4364325144659096 0.3697945784176841 0.0287134738483109
30 0.16505943326809547 0.4364325144659096 0.3697945784176841 0.0287134738483109
31 0.16505943326809547 0.4364325144659096 0.3697945784176841 0.0287134738483109
32 0.16505943326809547 0.4364325144659096 0.3697945784176841 0.0287134738483109
33 0.16505943326809547 0.4364325144659096 0.3697945784176841 0.0287134738483109
34 0.16505943326809547 0.4364325144659096 0.3697945784176841 0.0287134738483109
35 0.16505943326809547 0.4364325144659096 0.3697945784176841 0.0287134738483109
36 0.16505943326809547 0.4364325144659096 0.3697945784176841 0.0287134738483109
37 0.16505943326809547 0.4364325144659096 0.3697945784176841 0.0287134738483109
38 0.16505943326809547 0.4364325144659096 0.3697945784176841 0.0287134738483109
39 0.16505943326809547 0.4364325144659096 0.3697945784176841 0.0287134738483109
40 0.16505943326809547 0.4364325144659096 0.3697945784176841 0.0287134738483109
41 0.16505943326809547 0.4364325144659096 0.3697945784176841 0.0287134738483109
42 0.16505943326809547 0.4364325144659096 0.3697945784176841 0.0287134738483109
43 0.16505943326809547 0.4364325144659096 0.3697945784176841 0.0287134738483109
44 0.16505943326809547 0.4364325144659096 0.3697945784176841 0.0287134738483109
45 0.16505943326809547 0.4364325144659096 0.3697945784176841 0.0287134738483109
46 0.16505943326809547 0.4364325144659096 0.3697945784176841 0.0287134738483109
47 0.16505943326809547 0.4364325144659096 0.3697945784176841 0.0287134738483109
48 0.16505943326809547 0.4364325144659096 0.3697945784176841 0.0287134738483109
49 0.16505943326809547 0.4364325144659096 0.3697945784176841 0.0287134738483109
50 0.16505943326809547 0.4364325144659096 0.3697945784176841 0.0287134738483109
51 0.16505943326809547 0.4364325144659096 0.3697945784176841 0.0287134738483109
52 0.16505943326809547 0.4364325144659096 0.3697945784176841 0.0287134738483109
53 0.16505943326809547 0.4364325144659096 0.3697945784176841 0.0287134738483109
54 0.16505943326809547 0.4364325144659096 0.3697945784176841 0.0287134738483109
55 0.16505943326809547 0.4364325144659096 0.3697945784176841 0.0287134738483109
56 0.16505943326809547 0.4364325144659096 0.3697945784176841 0.0287134738483109
57 0.16505943326809547 0.4364325144659096 0.3697945784176841 0.0287134738483109
58 0.16505943326809547 0.4364325144659096 0.3697945784176841 0.0287134738483109
59 0.19611704442203454 0.7610746591791033 0.008692090407328833 0.034116205991533456
60 0.004693165418432133 0.004693165418432133 0.004693165418432133 0.9859205037447036
61 0.039119495481378705 0.039119495481378705 0.039119495481378705 0.8826415135558638
62 0.039119495481378705 0.039119495481378705 0.039119495481378705 0.8826415135558638
63 0.06518788972944745 0.06518788972944745 0.25586060083867024 0.613763619702435
64 0.06518788972944745 0.06518788972944745 0.25586060083867024 0.613763619702435
65 0.06518788972944745 0.06518788972944745 0.25586060083867024 0.613763619702435
66 0.06518788972944745 0.06518788972944745 0.25586060083867024 0.613763619702435
67 0.06518788972944745 0.06518788972944745 0.25586060083867024 0.613763619702435
68 0.06518788972944745 0.06518788972944745 0.25586060083867024 0.613763619702435
69 0.06518788972944745 0.06518788972944745 0.25586060083867024 0.613763619702435
70 0.06518788972944745 0.06518788972944745 0.25586060083867024 0.613763619702435
71 0.06518788972944745 0.06518788972944745 0.25586060083867024 0.613763619702435
72 0.06518788972944745 0.06518788972944745 0.25586060083867024 0.613763619702435
73 0.06518788972944745 0.06518788972944745 0.25586060083867024 0.613763619702435
74 0.06518788972944745 0.06518788972944745 0.25586060083867024 0.613763619702435
75 0.06518788972944745 0.06518788972944745 0.25586060083867024 0.613763619702435
76 0.06518788972944745 0.06518788972944745 0.25586060083867024 0.613763619702435
77 0.06518788972944745 0.06518788972944745 0.25586060083867024 0.613763619702435
78 0.06518788972944745 0.06518788972944745 0.25586060083867024 0.613763619702435
79 0.06518788972944745 0.06518788972944745 0.25586060083867024 0.613763619702435
80 0.06518788972944745 0.06518788972944745 0.25586060083867024 0.613763619702435
81 0.06518788972944745 0.06518788972944745 0.25586060083867024 0.613763619702435
82 0.06518788972944745 0.06518788972944745 0.25586060083867024 0.613763619702435
83 0.06518788972944745 0.06518788972944745 0.25586060083867024 0.613763619702435
84 0.06518788972944745 0.06518788972944745 0.25586060083867024 0.613763619702435
85 0.06518788972944745 0.06518788972944745 0.25586060083867024 0.613763619702435
86 0.06518788972944745 0.06518788972944745 0.25586060083867024 0.613763619702435
87 0.06518788972944745 0.06518788972944745 0.25586060083867024 0.613763619702435
88 0.06518788972944745 0.06518788972944745 0.25586060083867024 0.613763619702435
89 0.06518788972944745 0.06518788972944745 0.25586060083867024 0.613763619702435
90 0.06518788972944745 0.06518788972944745 0.25586060083867024 0.613763619702435
91 0.06518788972944745 0.06518788972944745 0.25586060083867024 0.613763619702435
92 0.06518788972944745 0.06518788972944745 0.25586060083867024 0.613763619702435
93 0.06518788972944745 0.06518788972944745 0.25586060083867024 0.613763619702435
94 0.06518788972944745 0.06518788972944745 0.25586060083867024 0.613763619702435
95 0.06518788972944745 0.06518788972944745 0.25586060083867024 0.613763619702435
96 0.06518788972944745 0.06518788972944745 0.25586060083867024 0.613763619702435
97 0.06518788972944745 0.06518788972944745 0.25586060083867024 0.613763619702435
98 0.06518788972944745 0.06518788972944745 0.25586060083867024 0.613763619702435
99 0.06518788972944745 0.06518788972944745 0.25586060083867024 0.613763619702435
100 0.06518788972944745 0.06518788972944745 0.25586060083867024 0.613763619702435
101 0.06518788972944745 0.06518788972944745 0.25586060083867024 0.613763619702435
102 0.06518788972944745 0.06518788972944745 0.25586060083867024 0.613763619702435
103 0.06518788972944745 0.06518788972944745 0.25586060083867024 0.613763619702435
104 0.06518788972944745 0.06518788972944745 0.25586060083867024 0.613763619702435
105 0.06518788972944745 0.06518788972944745 0.25586060083867024 0.613763619702435
106 0.06518788972944745 0.06518788972944745 0.25586060083867024 0.613763619702435
107 0.06518788972944745 0.06518788972944745 0.25586060083867024 0.613763619702435
108 0.06518788972944745 0.06518788972944745 0.25586060083867024 0.613763619702435
109 0.06518788972944745 0.06518788972944745 0.25586060083867024 0.613763619702435
110 0.06518788972944745 0.06518788972944745 0.25586060083867024 0.613763619702435
111 0.06518788972944745 0.06518788972944745 0.25586060083867024 0.613763619702435
112 0.06518788972944745 0.06518788972944745 0.25586060083867024 0.613763619702435
113 0.06518788972944745 0.06518788972944745 0.25586060083867024 0.613763619702435
114 0.06518788972944745 0.06518788972944745 0.25586060083867024 0.613763619702435
115 0.06518788972944745 0.06518788972944745 0.25586060083867024 0.613763619702435
116 0.06518788972944745 0.06518788972944745 0.25586060083867024 0.613763619702435
117 0.039119495481378705 0.039119495481378705 0.039119495481378705 0.8826415135558638
118 0.039119495481378705 0.039119495481378705 0.039119495481378705 0.8826415135558638
119 0.004693165418432133 0.004693165418432133 0.004693165418432133 0.9859205037447036
120 0.19611704442203454 0.7610746591791033 0.008692090407328833 0.034116205991533456
121 0.16505943326809547 0.4364325144659096 0.3697945784176841 0.0287134738483109
122 0.16505943326809547 0.4364325144659096 0.3697945784176841 0.0287134738483109
123 0.16505943326809547 0.4364325144659096 0.3697945784176841 0.0287134738483109
124 0.16505943326809547 0.4364325144659096 0.3697945784176841 0.0287134738483109
125 0.16505943326809547 0.4364325144659096 0.3697945784176841 0.0287134738483109
126 0.16505943326809547 0.4364325144659096 0.3697945784176841 0.0287134738483109
127 0.16505943326809547 0.4364325144659096 0.3697945784176841 0.0287134738483109
128 0.16505943326809547 0.4364325144659096 0.3697945784176841 0.0287134738483109
129 0.16505943326809547 0.4364325144659096 0.3697945784176841 0.0287134738483109
130 0.16505943326809547 0.4364325144659096 0.3697945784176841 0.0287134738483109
131 0.16505943326809547 0.4364325144659096 0.3697945784176841 0.0287134738483109
132 0.16505943326809547 0.4364325144659096 0.3697945784176841 0.0287134738483109
133 0.16505943326809547 0.4364325144659096 0.3697945784176841 0.0287134738483109
134 0.16505943326809547 0.4364325144659096 0.3697945784176841 0.0287134738483109
135 0.16505943326809547 0.4364325144659096 0.3697945784176841 0.0287134738483109
136 0.16505943326809547 0.4364325144659096 0.3697945784176841 0.0287134738483109
137 0.16505943326809547 0.4364325144659096 0.3697945784176841 0.0287134738483109
138 0.16505943326809547 0.4364325144659096 0.3697945784176841 0.0287134738483109
139 0.16505943326809547 0.4364325144659096 0.3697945784176841 0.0287134738483109
140 0.16505943326809547 0.4364325144659096 0.3697945784176841 0.0287134738483109
141 0.16505943326809547 0.4364325144659096 0.3697945784176841 0.0287134738483109
142 0.16505943326809547 0.4364325144659096 0.3697945784176841 0.0287134738483109
143 0.16505943326809547 0.4364325144659096 0.3697945784176841 0.0287134738483109
144 0.16505943326809547 0.4364325144659096 0.3697945784176841 0.0287134738483109
145 0.16505943326809547 0.4364325144659096 0.3697945784176841 0.0287134738483109
146 0.16505943326809547 0.4364325144659096 0.3697945784176841 0.0287134738483109
147 0.16505943326809547 0.4364325144659096 0.3697945784176841 0.0287134738483109
148 0.16505943326809547 0.4364325144659096 0.3697945784176841 0.0287134738483109
149 0.16505943326809547 0.4364325144659096 0.3697945784176841 0.0287134738483109
150 0.16505943326809547 0.4364325144659096 0.3697945784176841 0.0287134738483109
151 0.16505943326809547 0.4364325144659096 0.3697945784176841 0.0287134738483109
152 0.16505943326809547 0.4364325144659096 0.3697945784176841 0.0287134738483109
153 0.16505943326809547 0.4364325144659096 0.3697945784176841 0.0287134738483109
154 0.16505943326809547 0.4364325144659096 0.3697945784176841 0.0287134738483109
155 0.16505943326809547 0.4364325144659096 0.3697945784176841 0.0287134738483109
156 0.16505943326809547 0.4364325144659096 0.3697945784176841 0.0287134738483109
157 0.16505943326809547 0.4364325144659096 0.3697945784176841 0.0287134738483109
158 0.16505943326809547 0.4364325144659096 0.3697945784176841 0.0287134738483109
159 0.16505943326809547 0.4364325144659096 0.3697945784176841 0.0287134738483109
160 0.16505943326809547 0.4364325144659096 0.3697945784176841 0.0287134738483109
161 0.16505943326809547 0.4364325144659096 0.3697945784176841 0.0287134738483109
162 0.16505943326809547 0.4364325144659096 0.3697945784176841 0.0287134738483109
163 0.16505943326809547 0.4364325144659096 0.3697945784176841 0.0287134738483109
164 0.16505943326809547 0.4364325144659096 0.3697945784176841 0.0287134738483109
165 0.16505943326809547 0.4364325144659096 0.3697945784176841 0.0287134738483109
166 0.16505943326809547 0.4364325144659096 0.3697945784176841 0.0287134738483109
167 0.16505943326809547 0.4364325144659096 0.3697945784176841 0.0287134738483109
168 0.16505943326809547 0.4364325144659096 0.3697945784176841 0.0287134738483109
169 0.16505943326809547 0.4364325144659096 0.3697945784176841 0.0287134738483109
170 0.16505943326809547 0.4364325144659096 0.3697945784176841 0.0287134738483109
171 0.16505943326809547 0.4364325144659096 0.3697945784176841 0.0287134738483109
172 0.16505943326809547 0.4364325144659096 0.3697945784176841 0.0287134738483109
173 0.16505943326809547 0.4364325144659096 0.3697945784176841 0.0287134738483109
174 0.16505943326809547 0.4364325144659096 0.3697945784176841 0.0287134738483109
175 0.16505943326809547 0.4364325144659096 0.3697945784176841 0.0287134738483109
176 0.16505943326809547 0.4364325144659096 0.3697945784176841 0.0287134738483109
177 0.16505943326809547 0.4364325144659096 0.3697945784176841 0.0287134738483109
178 0.16505943326809547 0.4364325144659096 0.3697945784176841 0.0287134738483109
179 0.16505943326809547 0.4364325144659096 0.3697945784176841 0.0287134738483109
1000 0.3984765671782276 0.1015234328217724 0.1015234328217724 0.3984765671782276
1001 0.3984765671782276 0.1015234328217724 0.1015234328217724 0.3984765671782276
1002 0.3984765671782276 0.1015234328217724 0.1015234328217724 0.3984765671782276
1003 0.3984765671782276 0.1015234328217724 0.1015234328217724 0.3984765671782276
1004 0.30724052906965726 0.07827841279102815 0.30724052906965726 0.30724052906965726
1005 0.035102901941170085 0.13777788511217132 0.035102901941170085 0.7920163110054885
1006 0.06518788972944745 0.06518788972944745 0.25586060083867024 0.613763619702435
1007 0.06518788972944745 0.06518788972944745 0.25586060083867024 0.613763619702435
1008 0.06518788972944745 0.06518788972944745 0.25586060083867024 0.613763619702435
1009 0.035102901941170085 0.13777788511217132 0.035102901941170085 0.7920163110054885
1010 0.30724052906965726 0.07827841279102815 0.30724052906965726 0.30724052906965726
1011 0.3984765671782276 0.1015234328217724 0.1015234328217724 0.3984765671782276
1012 0.3984765671782276 0.1015234328217724 0.1015234328217724 0.3984765671782276
1013 0.3984765671782276 0.1015234328217724 0.1015234328217724 0.3984765671782276
1014 0.3984765671782276 0.1015234328217724 0.1015234328217724 0.3984765671782276
