0 role_0 role_1 role_2 role_3
0 0.045477008750001116 0.31817433041666626 0.31817433041666626 0.31817433041666626
1 0.045477008750001116 0.31817433041666626 0.31817433041666626 0.31817433041666626
2 0.045477008750001116 0.31817433041666626 0.31817433041666626 0.31817433041666626
3 0.045477008750001116 0.31817433041666626 0.31817433041666626 0.31817433041666626
4 0.045477008750001116 0.31817433041666626 0.31817433041666626 0.31817433041666626
5 0.045477008750001116 0.31817433041666626 0.31817433041666626 0.31817433041666626
6 0.045477008750001116 0.31817433041666626 0.31817433041666626 0.31817433041666626
7 0.045477008750001116 0.31817433041666626 0.31817433041666626 0.31817433041666626
8 0.045477008750001116 0.31817433041666626 0.31817433041666626 0.31817433041666626
9 0.045477008750001116 0.31817433041666626 0.31817433041666626 0.31817433041666626
10 0.045477008750001116 0.31817433041666626 0.31817433041666626 0.31817433041666626
11 0.045477008750001116 0.31817433041666626 0.31817433041666626 0.31817433041666626
12 0.045477008750001116 0.31817433041666626 0.31817433041666626 0.31817433041666626
13 0.045477008750001116 0.31817433041666626 0.31817433041666626 0.31817433041666626
14 0.045477008750001116 0.31817433041666626 0.31817433041666626 0.31817433041666626
15 0.045477008750001116 0.31817433041666626 0.31817433041666626 0.31817433041666626
16 0.045477008750001116 0.31817433041666626 0.31817433041666626 0.31817433041666626
17 0.045477008750001116 0.31817433041666626 0.31817433041666626 0.31817433041666626
18 0.045477008750001116 0.31817433041666626 0.31817433041666626 0.31817433041666626
19 0.045477008750001116 0.31817433041666626 0.31817433041666626 0.31817433041666626
20 0.045477008750001116 0.31817433041666626 0.31817433041666626 0.31817433041666626
21 0.045477008750001116 0.31817433041666626 0.31817433041666626 0.31817433041666626
22 0.045477008750001116 0.31817433041666626 0.31817433041666626 0.31817433041666626
23 0.045477008750001116 0.31817433041666626 0.31817433041666626 0.31817433041666626
24 0.045477008750001116 0.31817433041666626 0.31817433041666626 0.31817433041666626
25 0.045477008750001116 0.31817433041666626 0.31817433041666626 0.31817433041666626
26 0.045477008750001116 0.31817433041666626 0.31817433041666626 0.31817433041666626
27 0.045477008750001116 0.31817433041666626 0.31817433041666626 0.31817433041666626
28 0.045477008750001116 0.31817433041666626 0.31817433041666626 0.31817433041666626
29 0.045477008750001116 0.31817433041666626 0.31817433041666626 0.31817433041666626
30 0.045477008750001116 0.31817433041666626 0.31817433041666626 0.31817433041666626
31 0.045477008750001116 0.31817433041666626 0.31817433041666626 0.31817433041666626
32 0.045477008750001116 0.31817433041666626 0.31817433041666626 0.31817433041666626
33 0.045477008750001116 0.31817433041666626 0.31817433041666626 0.31817433041666626
34 0.045477008750001116 0.31817433041666626 0.31817433041666626 0.31817433041666626
35 0.045477008750001116 0.31817433041666626 0.31817433041666626 0.31817433041666626
36 0.045477008750001116 0.31817433041666626 0.31817433041666626 0.31817433041666626
37 0.045477008750001116 0.31817433041666626 0.31817433041666626 0.31817433041666626
38 0.045477008750001116 0.31817433041666626 0.31817433041666626 0.31817433041666626
39 0.045477008750001116 0.31817433041666626 0.31817433041666626 0.31817433041666626
40 0.045477008750001116 0.31817433041666626 0.31817433041666626 0.31817433041666626
41 0.045477008750001116 0.31817433041666626 0.31817433041666626 0.31817433041666626
42 0.045477008750001116 0.31817433041666626 0.31817433041666626 0.31817433041666626
43 0.045477008750001116 0.31817433041666626 0.31817433041666626 0.31817433041666626
44 0.045477008750001116 0.31817433041666626 0.31817433041666626 0.31817433041666626
45 0.045477008750001116 0.31817433041666626 0.31817433041666626 0.31817433041666626
46 0.045477008750001116 0.31817433041666626 0.31817433041666626 0.31817433041666626
47 0.045477008750001116 0.31817433041666626 0.31817433041666626 0.31817433041666626
48 0.045477008750001116 0.31817433041666626 0.31817433041666626 0.31817433041666626
49 0.045477008750001116 0.31817433041666626 0.31817433041666626 0.31817433041666626
50 0.045477008750001116 0.31817433041666626 0.31817433041666626 0.31817433041666626
51 0.045477008750001116 0.31817433041666626 0.31817433041666626 0.31817433041666626
52 0.045477008750001116 0.31817433041666626 0.31817433041666626 0.31817433041666626
53 0.045477008750001116 0.31817433041666626 0.31817433041666626 0.31817433041666626
54 0.045477008750001116 0.31817433041666626 0.31817433041666626 0.31817433041666626
55 0.045477008750001116 0.31817433041666626 0.31817433041666626 0.31817433041666626
56 0.045477008750001116 0.31817433041666626 0.31817433041666626 0.31817433041666626
57 0.045477008750001116 0.31817433041666626 0.31817433041666626 0.31817433041666626
58 0.045477008750001116 0.31817433041666626 0.31817433041666626 0.31817433041666626
59 0.045477008750001116 0.31817433041666626 0.31817433041666626 0.31817433041666626
60 0.045477008750001116 0.31817433041666626 0.31817433041666626 0.31817433041666626
61 0.045477008750001116 0.31817433041666626 0.31817433041666626 0.31817433041666626
62 0.045477008750001116 0.31817433041666626 0.31817433041666626 0.31817433041666626
63 0.045477008750001116 0.31817433041666626 0.31817433041666626 0.31817433041666626
64 0.045477008750001116 0.31817433041666626 0.31817433041666626 0.31817433041666626
65 0.045477008750001116 0.31817433041666626 0.31817433041666626 0.31817433041666626
66 0.045477008750001116 0.31817433041666626 0.31817433041666626 0.31817433041666626
67 0.045477008750001116 0.31817433041666626 0.31817433041666626 0.31817433041666626
68 0.045477008750001116 0.31817433041666626 0.31817433041666626 0.31817433041666626
69 0.06252831194601796 0.43747168805398207 0.06252831194601796 0.43747168805398207
70 0.1000362360079849 0.1000362360079849 0.1000362360079849 0.6998912919760454
71 0.25 0.25 0.25 0.25
72 0.25 0.25 0.25 0.25
73 0.25 0.25 0.25 0.25
74 0.25 0.25 0.25 0.25
75 0.25 0.25 0.25 0.25
76 0.25 0.25 0.25 0.25
77 0.25 0.25 0.25 0.25
78 0.25 0.25 0.25 0.25
79 0.25 0.25 0.25 0.25
80 0.25 0.25 0.25 0.25
81 0.25 0.25 0.25 0.25
82 0.25 0.25 0.25 0.25
83 0.25 0.25 0.25 0.25
84 0.25 0.25 0.25 0.25
85 0.25 0.25 0.25 0.25
86 0.25 0.25 0.25 0.25
87 0.25 0.25 0.25 0.25
88 0.25 0.25 0.25 0.25
89 0.25 0.25 0.25 0.25
90 0.25 0.25 0.25 0.25
91 0.25 0.25 0.25 0.25
92 0.25 0.25 0.25 0.25
93 0.25 0.25 0.25 0.25
94 0.25 0.25 0.25 0.25
95 0.25 0.25 0.25 0.25
96 0.25 0.25 0.25 0.25
97 0.25 0.25 0.25 0.25
98 0.25 0.25 0.25 0.25
99 0.25 0.25 0.25 0.25
100 0.25 0.25 0.25 0.25
101 0.25 0.25 0.25 0.25
102 0.25 0.25 0.25 0.25
103 0.25 0.25 0.25 0.25
104 0.25 0.25 0.25 0.25
105 0.25 0.25 0.25 0.25
106 0.25 0.25 0.25 0.25
107 0.25 0.25 0.25 0.25
108 0.25 0.25 0.25 0.25
109 0.25 0.25 0.25 0.25
110 0.25 0.25 0.25 0.25
111 0.25 0.25 0.25 0.25
112 0.25 0.25 0.25 0.25
113 0.25 0.25 0.25 0.25
114 0.25 0.25 0.25 0.25
115 0.25 0.25 0.25 0.25
116 0.25 0.25 0.25 0.25
117 0.25 0.25 0.25 0.25
118 0.25 0.25 0.25 0.25
119 0.25 0.25 0.25 0.25
120 0.25 0.25 0.25 0.25
121 0.25 0.25 0.25 0.25
122 0.25 0.25 0.25 0.25
123 0.25 0.25 0.25 0.25
124 0.25 0.25 0.25 0.25
125 0.25 0.25 0.25 0.25
126 0.25 0.25 0.25 0.25
127 0.25 0.25 0.25 0.25
128 0.25 0.25 0.25 0.25
129 0.25 0.25 0.25 0.25
130 0.25 0.25 0.25 0.25
131 0.25 0.25 0.25 0.25
132 0.25 0.25 0.25 0.25
133 0.25 0.25 0.25 0.25
134 0.25 0.25 0.25 0.25
135 0.25 0.25 0.25 0.25
136 0.25 0.25 0.25 0.25
137 0.25 0.25 0.25 0.25
138 0.25 0.25 0.25 0.25
139 0.1000362360079849 0.1000362360079849 0.1000362360079849 0.6998912919760454
140 0.06252831194601796 0.43747168805398207 0.06252831194601796 0.43747168805398207
141 0.045477008750001116 0.31817433041666626 0.31817433041666626 0.31817433041666626
142 0.045477008750001116 0.31817433041666626 0.31817433041666626 0.31817433041666626
143 0.045477008750001116 0.31817433041666626 0.31817433041666626 0.31817433041666626
144 0.045477008750001116 0.31817433041666626 0.31817433041666626 0.31817433041666626
145 0.045477008750001116 0.31817433041666626 0.31817433041666626 0.31817433041666626
146 0.045477008750001116 0.31817433041666626 0.31817433041666626 0.31817433041666626
147 0.045477008750001116 0.31817433041666626 0.31817433041666626 0.31817433041666626
148 0.045477008750001116 0.31817433041666626 0.31817433041666626 0.31817433041666626
149 0.045477008750001116 0.31817433041666626 0.31817433041666626 0.31817433041666626
150 0.045477008750001116 0.31817433041666626 0.31817433041666626 0.31817433041666626
151 0.045477008750001116 0.31817433041666626 0.31817433041666626 0.31817433041666626
152 0.045477008750001116 0.31817433041666626 0.31817433041666626 0.31817433041666626
153 0.045477008750001116 0.31817433041666626 0.31817433041666626 0.31817433041666626
154 0.045477008750001116 0.31817433041666626 0.31817433041666626 0.31817433041666626
155 0.045477008750001116 0.31817433041666626 0.31817433041666626 0.31817433041666626
156 0.045477008750001116 0.31817433041666626 0.31817433041666626 0.31817433041666626
157 0.045477008750001116 0.31817433041666626 0.31817433041666626 0.31817433041666626
158 0.045477008750001116 0.31817433041666626 0.31817433041666626 0.31817433041666626
159 0.045477008750001116 0.31817433041666626 0.31817433041666626 0.31817433041666626
160 0.045477008750001116 0.31817433041666626 0.31817433041666626 0.31817433041666626
161 0.045477008750001116 0.31817433041666626 0.31817433041666626 0.31817433041666626
162 0.045477008750001116 0.31817433041666626 0.31817433041666626 0.31817433041666626
163 0.045477008750001116 0.31817433041666626 0.31817433041666626 0.31817433041666626
164 0.045477008750001116 0.31817433041666626 0.31817433041666626 0.31817433041666626
165 0.045477008750001116 0.31817433041666626 0.31817433041666626 0.31817433041666626
166 0.045477008750001116 0.31817433041666626 0.31817433041666626 0.31817433041666626
167 0.045477008750001116 0.31817433041666626 0.31817433041666626 0.31817433041666626
168 0.045477008750001116 0.31817433041666626 0.31817433041666626 0.31817433041666626
169 0.045477008750001116 0.31817433041666626 0.31817433041666626 0.31817433041666626
170 0.045477008750001116 0.31817433041666626 0.31817433041666626 0.31817433041666626
171 0.045477008750001116 0.31817433041666626 0.31817433041666626 0.31817433041666626
172 0.045477008750001116 0.31817433041666626 0.31817433041666626 0.31817433041666626
173 0.045477008750001116 0.31817433041666626 0.31817433041666626 0.31817433041666626
174 0.045477008750001116 0.31817433041666626 0.31817433041666626 0.31817433041666626
175 0.045477008750001116 0.31817433041666626 0.31817433041666626 0.31817433041666626
176 0.045477008750001116 0.31817433041666626 0.31817433041666626 0.31817433041666626
177 0.045477008750001116 0.31817433041666626 0.31817433041666626 0.31817433041666626
178 0.045477008750001116 0.31817433041666626 0.31817433041666626 0.31817433041666626
179 0.045477008750001116 0.31817433041666626 0.31817433041666626 0.31817433041666626
180 0.045477008750001116 0.31817433041666626 0.31817433041666626 0.31817433041666626
181 0.045477008750001116 0.31817433041666626 0.31817433041666626 0.31817433041666626
182 0.045477008750001116 0.31817433041666626 0.31817433041666626 0.31817433041666626
183 0.045477008750001116 0.31817433041666626 0.31817433041666626 0.31817433041666626
184 0.045477008750001116 0.31817433041666626 0.31817433041666626 0.31817433041666626
185 0.045477008750001116 0.31817433041666626 0.31817433041666626 0.31817433041666626
186 0.045477008750001116 0.31817433041666626 0.31817433041666626 0.31817433041666626
187 0.045477008750001116 0.31817433041666626 0.31817433041666626 0.31817433041666626
188 0.045477008750001116 0.31817433041666626 0.31817433041666626 0.31817433041666626
189 0.045477008750001116 0.31817433041666626 0.31817433041666626 0.31817433041666626
190 0.045477008750001116 0.31817433041666626 0.31817433041666626 0.31817433041666626
191 0.045477008750001116 0.31817433041666626 0.31817433041666626 0.31817433041666626
192 0.045477008750001116 0.31817433041666626 0.31817433041666626 0.31817433041666626
193 0.045477008750001116 0.31817433041666626 0.31817433041666626 0.31817433041666626
194 0.045477008750001116 0.31817433041666626 0.31817433041666626 0.31817433041666626
195 0.045477008750001116 0.31817433041666626 0.31817433041666626 0.31817433041666626
196 0.045477008750001116 0.31817433041666626 0.31817433041666626 0.31817433041666626
197 0.045477008750001116 0.31817433041666626 0.31817433041666626 0.31817433041666626
198 0.045477008750001116 0.31817433041666626 0.31817433041666626 0.31817433041666626
199 0.045477008750001116 0.31817433041666626 0.31817433041666626 0.31817433041666626
200 0.045477008750001116 0.31817433041666626 0.31817433041666626 0.31817433041666626
201 0.045477008750001116 0.31817433041666626 0.31817433041666626 0.31817433041666626
202 0.045477008750001116 0.31817433041666626 0.31817433041666626 0.31817433041666626
203 0.045477008750001116 0.31817433041666626 0.31817433041666626 0.31817433041666626
204 0.045477008750001116 0.31817433041666626 0.31817433041666626 0.31817433041666626
205 0.045477008750001116 0.31817433041666626 0.31817433041666626 0.31817433041666626
206 0.045477008750001116 0.31817433041666626 0.31817433041666626 0.31817433041666626
207 0.045477008750001116 0.31817433041666626 0.31817433041666626 0.31817433041666626
208 0.045477008750001116 0.31817433041666626 0.31817433041666626 0.31817433041666626
209 0.045477008750001116 0.31817433041666626 0.31817433041666626 0.31817433041666626
1000 0.25 0.25 0.25 0.25
1001 0.25 0.25 0.25 0.25
1002 0.25 0.25 0.25 0.25
1003 0.25 0.25 0.25 0.25
1004 0.25 0.25 0.25 0.25
1005 0.25 0.25 0.25 0.25
1006 0.25 0.25 0.25 0.25
1007 0.25 0.25 0.25 0.25
1008 0.25 0.25 0.25 0.25
1009 0.25 0.25 0.25 0.25
1010 0.25 0.25 0.25 0.25
1011 0.25 0.25 0.25 0.25
1012 0.25 0.25 0.25 0.25
1013 0.25 0.25 0.25 0.25
1014 0.25 0.25 0.25 0.25
