0 role_0 role_1 role_2 role_3
0 0.04008867050931073 0.31997044316356305 0.31997044316356305 0.31997044316356305
1 0.04008867050931073 0.31997044316356305 0.31997044316356305 0.31997044316356305
2 0.04008867050931073 0.31997044316356305 0.31997044316356305 0.31997044316356305
3 0.04008867050931073 0.31997044316356305 0.31997044316356305 0.31997044316356305
4 0.04008867050931073 0.31997044316356305 0.31997044316356305 0.31997044316356305
5 0.04008867050931073 0.31997044316356305 0.31997044316356305 0.31997044316356305
6 0.04008867050931073 0.31997044316356305 0.31997044316356305 0.31997044316356305
7 0.04008867050931073 0.31997044316356305 0.31997044316356305 0.31997044316356305
8 0.04008867050931073 0.31997044316356305 0.31997044316356305 0.31997044316356305
9 0.04008867050931073 0.31997044316356305 0.31997044316356305 0.31997044316356305
10 0.04008867050931073 0.31997044316356305 0.31997044316356305 0.31997044316356305
11 0.04008867050931073 0.31997044316356305 0.31997044316356305 0.31997044316356305
12 0.04008867050931073 0.31997044316356305 0.31997044316356305 0.31997044316356305
13 0.04008867050931073 0.31997044316356305 0.31997044316356305 0.31997044316356305
14 0.04008867050931073 0.31997044316356305 0.31997044316356305 0.31997044316356305
15 0.04008867050931073 0.31997044316356305 0.31997044316356305 0.31997044316356305
16 0.04008867050931073 0.31997044316356305 0.31997044316356305 0.31997044316356305
17 0.04008867050931073 0.31997044316356305 0.31997044316356305 0.31997044316356305
18 0.04008867050931073 0.31997044316356305 0.31997044316356305 0.31997044316356305
19 0.04008867050931073 0.31997044316356305 0.31997044316356305 0.31997044316356305
20 0.04008867050931073 0.31997044316356305 0.31997044316356305 0.31997044316356305
21 0.04008867050931073 0.31997044316356305 0.31997044316356305 0.31997044316356305
22 0.04008867050931073 0.31997044316356305 0.31997044316356305 0.31997044316356305
23 0.04008867050931073 0.31997044316356305 0.31997044316356305 0.31997044316356305
24 0.04008867050931073 0.31997044316356305 0.31997044316356305 0.31997044316356305
25 0.04008867050931073 0.31997044316356305 0.31997044316356305 0.31997044316356305
26 0.04008867050931073 0.31997044316356305 0.31997044316356305 0.31997044316356305
27 0.04008867050931073 0.31997044316356305 0.31997044316356305 0.31997044316356305
28 0.04008867050931073 0.31997044316356305 0.31997044316356305 0.31997044316356305
29 0.04008867050931073 0.31997044316356305 0.31997044316356305 0.31997044316356305
30 0.04008867050931073 0.31997044316356305 0.31997044316356305 0.31997044316356305
31 0.04008867050931073 0.31997044316356305 0.31997044316356305 0.31997044316356305
32 0.04008867050931073 0.31997044316356305 0.31997044316356305 0.31997044316356305
33 0.04008867050931073 0.31997044316356305 0.31997044316356305 0.31997044316356305
34 0.04008867050931073 0.31997044316356305 0.31997044316356305 0.31997044316356305
35 0.04008867050931073 0.31997044316356305 0.31997044316356305 0.31997044316356305
36 0.04008867050931073 0.31997044316356305 0.31997044316356305 0.31997044316356305
37 0.04008867050931073 0.31997044316356305 0.31997044316356305 0.31997044316356305
38 0.04008867050931073 0.31997044316356305 0.31997044316356305 0.31997044316356305
39 0.04008867050931073 0.31997044316356305 0.31997044316356305 0.31997044316356305
40 0.04008867050931073 0.31997044316356305 0.31997044316356305 0.31997044316356305
41 0.04008867050931073 0.31997044316356305 0.31997044316356305 0.31997044316356305
42 0.04008867050931073 0.31997044316356305 0.31997044316356305 0.31997044316356305
43 0.04008867050931073 0.31997044316356305 0.31997044316356305 0.31997044316356305
44 0.04008867050931073 0.31997044316356305 0.31997044316356305 0.31997044316356305
45 0.04008867050931073 0.31997044316356305 0.31997044316356305 0.31997044316356305
46 0.04008867050931073 0.31997044316356305 0.31997044316356305 0.31997044316356305
47 0.04008867050931073 0.31997044316356305 0.31997044316356305 0.31997044316356305
48 0.04008867050931073 0.31997044316356305 0.31997044316356305 0.31997044316356305
49 0.04008867050931073 0.31997044316356305 0.31997044316356305 0.31997044316356305
50 0.04008867050931073 0.31997044316356305 0.31997044316356305 0.31997044316356305
51 0.04008867050931073 0.31997044316356305 0.31997044316356305 0.31997044316356305
52 0.04008867050931073 0.31997044316356305 0.31997044316356305 0.31997044316356305
53 0.04008867050931073 0.31997044316356305 0.31997044316356305 0.31997044316356305
54 0.04008867050931073 0.31997044316356305 0.31997044316356305 0.31997044316356305
55 0.04008867050931073 0.31997044316356305 0.31997044316356305 0.31997044316356305
56 0.04008867050931073 0.31997044316356305 0.31997044316356305 0.31997044316356305
57 0.04008867050931073 0.31997044316356305 0.31997044316356305 0.31997044316356305
58 0.04008867050931073 0.31997044316356305 0.31997044316356305 0.31997044316356305
59 0.04008867050931073 0.31997044316356305 0.31997044316356305 0.31997044316356305
60 0.04008867050931073 0.31997044316356305 0.31997044316356305 0.31997044316356305
61 0.04008867050931073 0.31997044316356305 0.31997044316356305 0.31997044316356305
62 0.04008867050931073 0.31997044316356305 0.31997044316356305 0.31997044316356305
63 0.04008867050931073 0.31997044316356305 0.31997044316356305 0.31997044316356305
64 0.04008867050931073 0.31997044316356305 0.31997044316356305 0.31997044316356305
65 0.04008867050931073 0.31997044316356305 0.31997044316356305 0.31997044316356305
66 0.04008867050931073 0.31997044316356305 0.31997044316356305 0.31997044316356305
67 0.04008867050931073 0.31997044316356305 0.31997044316356305 0.31997044316356305
68 0.04008867050931073 0.31997044316356305 0.31997044316356305 0.31997044316356305
69 0.04008867050931073 0.31997044316356305 0.31997044316356305 0.31997044316356305
70 0.04008867050931073 0.31997044316356305 0.31997044316356305 0.31997044316356305
71 0.04008867050931073 0.31997044316356305 0.31997044316356305 0.31997044316356305
72 0.04008867050931073 0.31997044316356305 0.31997044316356305 0.31997044316356305
73 0.04008867050931073 0.31997044316356305 0.31997044316356305 0.31997044316356305
74 0.04008867050931073 0.31997044316356305 0.31997044316356305 0.31997044316356305
75 0.04008867050931073 0.31997044316356305 0.31997044316356305 0.31997044316356305
76 0.04008867050931073 0.31997044316356305 0.31997044316356305 0.31997044316356305
77 0.04008867050931073 0.31997044316356305 0.31997044316356305 0.31997044316356305
78 0.04008867050931073 0.31997044316356305 0.31997044316356305 0.31997044316356305
79 0.05566956783898085 0.44433043216101914 0.05566956783898085 0.44433043216101914
80 0.25 0.25 0.25 0.25
81 0.25 0.25 0.25 0.25
82 0.25 0.25 0.25 0.25
83 0.25 0.25 0.25 0.25
84 0.25 0.25 0.25 0.25
85 0.25 0.25 0.25 0.25
86 0.25 0.25 0.25 0.25
87 0.25 0.25 0.25 0.25
88 0.25 0.25 0.25 0.25
89 0.25 0.25 0.25 0.25
90 0.25 0.25 0.25 0.25
91 0.25 0.25 0.25 0.25
92 0.25 0.25 0.25 0.25
93 0.25 0.25 0.25 0.25
94 0.25 0.25 0.25 0.25
95 0.25 0.25 0.25 0.25
96 0.25 0.25 0.25 0.25
97 0.25 0.25 0.25 0.25
98 0.25 0.25 0.25 0.25
99 0.25 0.25 0.25 0.25
100 0.25 0.25 0.25 0.25
101 0.25 0.25 0.25 0.25
102 0.25 0.25 0.25 0.25
103 0.25 0.25 0.25 0.25
104 0.25 0.25 0.25 0.25
105 0.25 0.25 0.25 0.25
106 0.25 0.25 0.25 0.25
107 0.25 0.25 0.25 0.25
108 0.25 0.25 0.25 0.25
109 0.25 0.25 0.25 0.25
110 0.25 0.25 0.25 0.25
111 0.25 0.25 0.25 0.25
112 0.25 0.25 0.25 0.25
113 0.25 0.25 0.25 0.25
114 0.25 0.25 0.25 0.25
115 0.25 0.25 0.25 0.25
116 0.25 0.25 0.25 0.25
117 0.25 0.25 0.25 0.25
118 0.25 0.25 0.25 0.25
119 0.25 0.25 0.25 0.25
120 0.25 0.25 0.25 0.25
121 0.25 0.25 0.25 0.25
122 0.25 0.25 0.25 0.25
123 0.25 0.25 0.25 0.25
124 0.25 0.25 0.25 0.25
125 0.25 0.25 0.25 0.25
126 0.25 0.25 0.25 0.25
127 0.25 0.25 0.25 0.25
128 0.25 0.25 0.25 0.25
129 0.25 0.25 0.25 0.25
130 0.25 0.25 0.25 0.25
131 0.25 0.25 0.25 0.25
132 0.25 0.25 0.25 0.25
133 0.25 0.25 0.25 0.25
134 0.25 0.25 0.25 0.25
135 0.25 0.25 0.25 0.25
136 0.25 0.25 0.25 0.25
137 0.25 0.25 0.25 0.25
138 0.25 0.25 0.25 0.25
139 0.25 0.25 0.25 0.25
140 0.25 0.25 0.25 0.25
141 0.25 0.25 0.25 0.25
142 0.25 0.25 0.25 0.25
143 0.25 0.25 0.25 0.25
144 0.25 0.25 0.25 0.25
145 0.25 0.25 0.25 0.25
146 0.25 0.25 0.25 0.25
147 0.25 0.25 0.25 0.25
148 0.25 0.25 0.25 0.25
149 0.25 0.25 0.25 0.25
150 0.25 0.25 0.25 0.25
151 0.25 0.25 0.25 0.25
152 0.25 0.25 0.25 0.25
153 0.25 0.25 0.25 0.25
154 0.25 0.25 0.25 0.25
155 0.25 0.25 0.25 0.25
156 0.25 0.25 0.25 0.25
157 0.25 0.25 0.25 0.25
158 0.25 0.25 0.25 0.25
159 0.25 0.25 0.25 0.25
160 0.05566956783898085 0.44433043216101914 0.05566956783898085 0.44433043216101914
161 0.04008867050931073 0.31997044316356305 0.31997044316356305 0.31997044316356305
162 0.04008867050931073 0.31997044316356305 0.31997044316356305 0.31997044316356305
163 0.04008867050931073 0.31997044316356305 0.31997044316356305 0.31997044316356305
164 0.04008867050931073 0.31997044316356305 0.31997044316356305 0.31997044316356305
165 0.04008867050931073 0.31997044316356305 0.31997044316356305 0.31997044316356305
166 0.04008867050931073 0.31997044316356305 0.31997044316356305 0.31997044316356305
167 0.04008867050931073 0.31997044316356305 0.31997044316356305 0.31997044316356305
168 0.04008867050931073 0.31997044316356305 0.31997044316356305 0.31997044316356305
169 0.04008867050931073 0.31997044316356305 0.31997044316356305 0.31997044316356305
170 0.04008867050931073 0.31997044316356305 0.31997044316356305 0.31997044316356305
171 0.04008867050931073 0.31997044316356305 0.31997044316356305 0.31997044316356305
172 0.04008867050931073 0.31997044316356305 0.31997044316356305 0.31997044316356305
173 0.04008867050931073 0.31997044316356305 0.31997044316356305 0.31997044316356305
174 0.04008867050931073 0.31997044316356305 0.31997044316356305 0.31997044316356305
175 0.04008867050931073 0.31997044316356305 0.31997044316356305 0.31997044316356305
176 0.04008867050931073 0.31997044316356305 0.31997044316356305 0.31997044316356305
177 0.04008867050931073 0.31997044316356305 0.31997044316356305 0.31997044316356305
178 0.04008867050931073 0.31997044316356305 0.31997044316356305 0.31997044316356305
179 0.04008867050931073 0.31997044316356305 0.31997044316356305 0.31997044316356305
180 0.04008867050931073 0.31997044316356305 0.31997044316356305 0.31997044316356305
181 0.04008867050931073 0.31997044316356305 0.31997044316356305 0.31997044316356305
182 0.04008867050931073 0.31997044316356305 0.31997044316356305 0.31997044316356305
183 0.04008867050931073 0.31997044316356305 0.31997044316356305 0.31997044316356305
184 0.04008867050931073 0.31997044316356305 0.31997044316356305 0.31997044316356305
185 0.04008867050931073 0.31997044316356305 0.31997044316356305 0.31997044316356305
186 0.04008867050931073 0.31997044316356305 0.31997044316356305 0.31997044316356305
187 0.04008867050931073 0.31997044316356305 0.31997044316356305 0.31997044316356305
188 0.04008867050931073 0.31997044316356305 0.31997044316356305 0.31997044316356305
189 0.04008867050931073 0.31997044316356305 0.31997044316356305 0.31997044316356305
190 0.04008867050931073 0.31997044316356305 0.31997044316356305 0.31997044316356305
191 0.04008867050931073 0.31997044316356305 0.31997044316356305 0.31997044316356305
192 0.04008867050931073 0.31997044316356305 0.31997044316356305 0.31997044316356305
193 0.04008867050931073 0.31997044316356305 0.31997044316356305 0.31997044316356305
194 0.04008867050931073 0.31997044316356305 0.31997044316356305 0.31997044316356305
195 0.04008867050931073 0.31997044316356305 0.31997044316356305 0.31997044316356305
196 0.04008867050931073 0.31997044316356305 0.31997044316356305 0.31997044316356305
197 0.04008867050931073 0.31997044316356305 0.31997044316356305 0.31997044316356305
198 0.04008867050931073 0.31997044316356305 0.31997044316356305 0.31997044316356305
199 0.04008867050931073 0.31997044316356305 0.31997044316356305 0.31997044316356305
200 0.04008867050931073 0.31997044316356305 0.31997044316356305 0.31997044316356305
201 0.04008867050931073 0.31997044316356305 0.31997044316356305 0.31997044316356305
202 0.04008867050931073 0.31997044316356305 0.31997044316356305 0.31997044316356305
203 0.04008867050931073 0.31997044316356305 0.31997044316356305 0.31997044316356305
204 0.04008867050931073 0.31997044316356305 0.31997044316356305 0.31997044316356305
205 0.04008867050931073 0.31997044316356305 0.31997044316356305 0.31997044316356305
206 0.04008867050931073 0.31997044316356305 0.31997044316356305 0.31997044316356305
207 0.04008867050931073 0.31997044316356305 0.31997044316356305 0.31997044316356305
208 0.04008867050931073 0.31997044316356305 0.31997044316356305 0.31997044316356305
209 0.04008867050931073 0.31997044316356305 0.31997044316356305 0.31997044316356305
210 0.04008867050931073 0.31997044316356305 0.31997044316356305 0.31997044316356305
211 0.04008867050931073 0.31997044316356305 0.31997044316356305 0.31997044316356305
212 0.04008867050931073 0.31997044316356305 0.31997044316356305 0.31997044316356305
213 0.04008867050931073 0.31997044316356305 0.31997044316356305 0.31997044316356305
214 0.04008867050931073 0.31997044316356305 0.31997044316356305 0.31997044316356305
215 0.04008867050931073 0.31997044316356305 0.31997044316356305 0.31997044316356305
216 0.04008867050931073 0.31997044316356305 0.31997044316356305 0.31997044316356305
217 0.04008867050931073 0.31997044316356305 0.31997044316356305 0.31997044316356305
218 0.04008867050931073 0.31997044316356305 0.31997044316356305 0.31997044316356305
219 0.04008867050931073 0.31997044316356305 0.31997044316356305 0.31997044316356305
220 0.04008867050931073 0.31997044316356305 0.31997044316356305 0.31997044316356305
221 0.04008867050931073 0.31997044316356305 0.31997044316356305 0.31997044316356305
222 0.04008867050931073 0.31997044316356305 0.31997044316356305 0.31997044316356305
223 0.04008867050931073 0.31997044316356305 0.31997044316356305 0.31997044316356305
224 0.04008867050931073 0.31997044316356305 0.31997044316356305 0.31997044316356305
225 0.04008867050931073 0.31997044316356305 0.31997044316356305 0.31997044316356305
226 0.04008867050931073 0.31997044316356305 0.31997044316356305 0.31997044316356305
227 0.04008867050931073 0.31997044316356305 0.31997044316356305 0.31997044316356305
228 0.04008867050931073 0.31997044316356305 0.31997044316356305 0.31997044316356305
229 0.04008867050931073 0.31997044316356305 0.31997044316356305 0.31997044316356305
230 0.04008867050931073 0.31997044316356305 0.31997044316356305 0.31997044316356305
231 0.04008867050931073 0.31997044316356305 0.31997044316356305 0.31997044316356305
232 0.04008867050931073 0.31997044316356305 0.31997044316356305 0.31997044316356305
233 0.04008867050931073 0.31997044316356305 0.31997044316356305 0.31997044316356305
234 0.04008867050931073 0.31997044316356305 0.31997044316356305 0.31997044316356305
235 0.04008867050931073 0.31997044316356305 0.31997044316356305 0.31997044316356305
236 0.04008867050931073 0.31997044316356305 0.31997044316356305 0.31997044316356305
237 0.04008867050931073 0.31997044316356305 0.31997044316356305 0.31997044316356305
238 0.04008867050931073 0.31997044316356305 0.31997044316356305 0.31997044316356305
239 0.04008867050931073 0.31997044316356305 0.31997044316356305 0.31997044316356305
1000 0.25 0.25 0.25 0.25
1001 0.25 0.25 0.25 0.25
1002 0.25 0.25 0.25 0.25
1003 0.25 0.25 0.25 0.25
1004 0.25 0.25 0.25 0.25
1005 0.25 0.25 0.25 0.25
1006 0.25 0.25 0.25 0.25
1007 0.25 0.25 0.25 0.25
1008 0.25 0.25 0.25 0.25
1009 0.25 0.25 0.25 0.25
1010 0.25 0.25 0.25 0.25
1011 0.25 0.25 0.25 0.25
1012 0.25 0.25 0.25 0.25
1013 0.25 0.25 0.25 0.25
1014 0.25 0.25 0.25 0.25
