0 role_0 role_1 role_2 role_3
0 0.03630505533372319 0.3212316482220922 0.3212316482220922 0.3212316482220922
1 0.03630505533372319 0.3212316482220922 0.3212316482220922 0.3212316482220922
2 0.03630505533372319 0.3212316482220922 0.3212316482220922 0.3212316482220922
3 0.03630505533372319 0.3212316482220922 0.3212316482220922 0.3212316482220922
4 0.03630505533372319 0.3212316482220922 0.3212316482220922 0.3212316482220922
5 0.03630505533372319 0.3212316482220922 0.3212316482220922 0.3212316482220922
6 0.03630505533372319 0.3212316482220922 0.3212316482220922 0.3212316482220922
7 0.03630505533372319 0.3212316482220922 0.3212316482220922 0.3212316482220922
8 0.03630505533372319 0.3212316482220922 0.3212316482220922 0.3212316482220922
9 0.03630505533372319 0.3212316482220922 0.3212316482220922 0.3212316482220922
10 0.03630505533372319 0.3212316482220922 0.3212316482220922 0.3212316482220922
11 0.03630505533372319 0.3212316482220922 0.3212316482220922 0.3212316482220922
12 0.03630505533372319 0.3212316482220922 0.3212316482220922 0.3212316482220922
13 0.03630505533372319 0.3212316482220922 0.3212316482220922 0.3212316482220922
14 0.03630505533372319 0.3212316482220922 0.3212316482220922 0.3212316482220922
15 0.03630505533372319 0.3212316482220922 0.3212316482220922 0.3212316482220922
16 0.03630505533372319 0.3212316482220922 0.3212316482220922 0.3212316482220922
17 0.03630505533372319 0.3212316482220922 0.3212316482220922 0.3212316482220922
18 0.03630505533372319 0.3212316482220922 0.3212316482220922 0.3212316482220922
19 0.03630505533372319 0.3212316482220922 0.3212316482220922 0.3212316482220922
20 0.03630505533372319 0.3212316482220922 0.3212316482220922 0.3212316482220922
21 0.03630505533372319 0.3212316482220922 0.3212316482220922 0.3212316482220922
22 0.03630505533372319 0.3212316482220922 0.3212316482220922 0.3212316482220922
23 0.03630505533372319 0.3212316482220922 0.3212316482220922 0.3212316482220922
24 0.03630505533372319 0.3212316482220922 0.3212316482220922 0.3212316482220922
25 0.03630505533372319 0.3212316482220922 0.3212316482220922 0.3212316482220922
26 0.03630505533372319 0.3212316482220922 0.3212316482220922 0.3212316482220922
27 0.03630505533372319 0.3212316482220922 0.3212316482220922 0.3212316482220922
28 0.03630505533372319 0.3212316482220922 0.3212316482220922 0.3212316482220922
29 0.03630505533372319 0.3212316482220922 0.3212316482220922 0.3212316482220922
30 0.03630505533372319 0.3212316482220922 0.3212316482220922 0.3212316482220922
31 0.03630505533372319 0.3212316482220922 0.3212316482220922 0.3212316482220922
32 0.03630505533372319 0.3212316482220922 0.3212316482220922 0.3212316482220922
33 0.03630505533372319 0.3212316482220922 0.3212316482220922 0.3212316482220922
34 0.03630505533372319 0.3212316482220922 0.3212316482220922 0.3212316482220922
35 0.03630505533372319 0.3212316482220922 0.3212316482220922 0.3212316482220922
36 0.03630505533372319 0.3212316482220922 0.3212316482220922 0.3212316482220922
37 0.03630505533372319 0.3212316482220922 0.3212316482220922 0.3212316482220922
38 0.03630505533372319 0.3212316482220922 0.3212316482220922 0.3212316482220922
39 0.03630505533372319 0.3212316482220922 0.3212316482220922 0.3212316482220922
40 0.03630505533372319 0.3212316482220922 0.3212316482220922 0.3212316482220922
41 0.03630505533372319 0.3212316482220922 0.3212316482220922 0.3212316482220922
42 0.03630505533372319 0.3212316482220922 0.3212316482220922 0.3212316482220922
43 0.03630505533372319 0.3212316482220922 0.3212316482220922 0.3212316482220922
44 0.03630505533372319 0.3212316482220922 0.3212316482220922 0.3212316482220922
45 0.03630505533372319 0.3212316482220922 0.3212316482220922 0.3212316482220922
46 0.03630505533372319 0.3212316482220922 0.3212316482220922 0.3212316482220922
47 0.03630505533372319 0.3212316482220922 0.3212316482220922 0.3212316482220922
48 0.03630505533372319 0.3212316482220922 0.3212316482220922 0.3212316482220922
49 0.03630505533372319 0.3212316482220922 0.3212316482220922 0.3212316482220922
50 0.03630505533372319 0.3212316482220922 0.3212316482220922 0.3212316482220922
51 0.03630505533372319 0.3212316482220922 0.3212316482220922 0.3212316482220922
52 0.03630505533372319 0.3212316482220922 0.3212316482220922 0.3212316482220922
53 0.03630505533372319 0.3212316482220922 0.3212316482220922 0.3212316482220922
54 0.03630505533372319 0.3212316482220922 0.3212316482220922 0.3212316482220922
55 0.03630505533372319 0.3212316482220922 0.3212316482220922 0.3212316482220922
56 0.03630505533372319 0.3212316482220922 0.3212316482220922 0.3212316482220922
57 0.03630505533372319 0.3212316482220922 0.3212316482220922 0.3212316482220922
58 0.03630505533372319 0.3212316482220922 0.3212316482220922 0.3212316482220922
59 0.03630505533372319 0.3212316482220922 0.3212316482220922 0.3212316482220922
60 0.03630505533372319 0.3212316482220922 0.3212316482220922 0.3212316482220922
61 0.03630505533372319 0.3212316482220922 0.3212316482220922 0.3212316482220922
62 0.03630505533372319 0.3212316482220922 0.3212316482220922 0.3212316482220922
63 0.03630505533372319 0.3212316482220922 0.3212316482220922 0.3212316482220922
64 0.03630505533372319 0.3212316482220922 0.3212316482220922 0.3212316482220922
65 0.03630505533372319 0.3212316482220922 0.3212316482220922 0.3212316482220922
66 0.03630505533372319 0.3212316482220922 0.3212316482220922 0.3212316482220922
67 0.03630505533372319 0.3212316482220922 0.3212316482220922 0.3212316482220922
68 0.03630505533372319 0.3212316482220922 0.3212316482220922 0.3212316482220922
69 0.03630505533372319 0.3212316482220922 0.3212316482220922 0.3212316482220922
70 0.03630505533372319 0.3212316482220922 0.3212316482220922 0.3212316482220922
71 0.03630505533372319 0.3212316482220922 0.3212316482220922 0.3212316482220922
72 0.03630505533372319 0.3212316482220922 0.3212316482220922 0.3212316482220922
73 0.03630505533372319 0.3212316482220922 0.3212316482220922 0.3212316482220922
74 0.03630505533372319 0.3212316482220922 0.3212316482220922 0.3212316482220922
75 0.03630505533372319 0.3212316482220922 0.3212316482220922 0.3212316482220922
76 0.03630505533372319 0.3212316482220922 0.3212316482220922 0.3212316482220922
77 0.03630505533372319 0.3212316482220922 0.3212316482220922 0.3212316482220922
78 0.03630505533372319 0.3212316482220922 0.3212316482220922 0.3212316482220922
79 0.03630505533372319 0.3212316482220922 0.3212316482220922 0.3212316482220922
80 0.03630505533372319 0.3212316482220922 0.3212316482220922 0.3212316482220922
81 0.03630505533372319 0.3212316482220922 0.3212316482220922 0.3212316482220922
82 0.03630505533372319 0.3212316482220922 0.3212316482220922 0.3212316482220922
83 0.03630505533372319 0.3212316482220922 0.3212316482220922 0.3212316482220922
84 0.03630505533372319 0.3212316482220922 0.3212316482220922 0.3212316482220922
85 0.03630505533372319 0.3212316482220922 0.3212316482220922 0.3212316482220922
86 0.03630505533372319 0.3212316482220922 0.3212316482220922 0.3212316482220922
87 0.03630505533372319 0.3212316482220922 0.3212316482220922 0.3212316482220922
88 0.03630505533372319 0.3212316482220922 0.3212316482220922 0.3212316482220922
89 0.05077108863601688 0.4492289113639831 0.05077108863601688 0.4492289113639831
90 0.25 0.25 0.25 0.25
91 0.25 0.25 0.25 0.25
92 0.25 0.25 0.25 0.25
93 0.25 0.25 0.25 0.25
94 0.25 0.25 0.25 0.25
95 0.25 0.25 0.25 0.25
96 0.25 0.25 0.25 0.25
97 0.25 0.25 0.25 0.25
98 0.25 0.25 0.25 0.25
99 0.25 0.25 0.25 0.25
100 0.25 0.25 0.25 0.25
101 0.25 0.25 0.25 0.25
102 0.25 0.25 0.25 0.25
103 0.25 0.25 0.25 0.25
104 0.25 0.25 0.25 0.25
105 0.25 0.25 0.25 0.25
106 0.25 0.25 0.25 0.25
107 0.25 0.25 0.25 0.25
108 0.25 0.25 0.25 0.25
109 0.25 0.25 0.25 0.25
110 0.25 0.25 0.25 0.25
111 0.25 0.25 0.25 0.25
112 0.25 0.25 0.25 0.25
113 0.25 0.25 0.25 0.25
114 0.25 0.25 0.25 0.25
115 0.25 0.25 0.25 0.25
116 0.25 0.25 0.25 0.25
117 0.25 0.25 0.25 0.25
118 0.25 0.25 0.25 0.25
119 0.25 0.25 0.25 0.25
120 0.25 0.25 0.25 0.25
121 0.25 0.25 0.25 0.25
122 0.25 0.25 0.25 0.25
123 0.25 0.25 0.25 0.25
124 0.25 0.25 0.25 0.25
125 0.25 0.25 0.25 0.25
126 0.25 0.25 0.25 0.25
127 0.25 0.25 0.25 0.25
128 0.25 0.25 0.25 0.25
129 0.25 0.25 0.25 0.25
130 0.25 0.25 0.25 0.25
131 0.25 0.25 0.25 0.25
132 0.25 0.25 0.25 0.25
133 0.25 0.25 0.25 0.25
134 0.25 0.25 0.25 0.25
135 0.25 0.25 0.25 0.25
136 0.25 0.25 0.25 0.25
137 0.25 0.25 0.25 0.25
138 0.25 0.25 0.25 0.25
139 0.25 0.25 0.25 0.25
140 0.25 0.25 0.25 0.25
141 0.25 0.25 0.25 0.25
142 0.25 0.25 0.25 0.25
143 0.25 0.25 0.25 0.25
144 0.25 0.25 0.25 0.25
145 0.25 0.25 0.25 0.25
146 0.25 0.25 0.25 0.25
147 0.25 0.25 0.25 0.25
148 0.25 0.25 0.25 0.25
149 0.25 0.25 0.25 0.25
150 0.25 0.25 0.25 0.25
151 0.25 0.25 0.25 0.25
152 0.25 0.25 0.25 0.25
153 0.25 0.25 0.25 0.25
154 0.25 0.25 0.25 0.25
155 0.25 0.25 0.25 0.25
156 0.25 0.25 0.25 0.25
157 0.25 0.25 0.25 0.25
158 0.25 0.25 0.25 0.25
159 0.25 0.25 0.25 0.25
160 0.25 0.25 0.25 0.25
161 0.25 0.25 0.25 0.25
162 0.25 0.25 0.25 0.25
163 0.25 0.25 0.25 0.25
164 0.25 0.25 0.25 0.25
165 0.25 0.25 0.25 0.25
166 0.25 0.25 0.25 0.25
167 0.25 0.25 0.25 0.25
168 0.25 0.25 0.25 0.25
169 0.25 0.25 0.25 0.25
170 0.25 0.25 0.25 0.25
171 0.25 0.25 0.25 0.25
172 0.25 0.25 0.25 0.25
173 0.25 0.25 0.25 0.25
174 0.25 0.25 0.25 0.25
175 0.25 0.25 0.25 0.25
176 0.25 0.25 0.25 0.25
177 0.25 0.25 0.25 0.25
178 0.25 0.25 0.25 0.25
179 0.25 0.25 0.25 0.25
180 0.05077108863601688 0.4492289113639831 0.05077108863601688 0.4492289113639831
181 0.03630505533372319 0.3212316482220922 0.3212316482220922 0.3212316482220922
182 0.03630505533372319 0.3212316482220922 0.3212316482220922 0.3212316482220922
183 0.03630505533372319 0.3212316482220922 0.3212316482220922 0.3212316482220922
184 0.03630505533372319 0.3212316482220922 0.3212316482220922 0.3212316482220922
185 0.03630505533372319 0.3212316482220922 0.3212316482220922 0.3212316482220922
186 0.03630505533372319 0.3212316482220922 0.3212316482220922 0.3212316482220922
187 0.03630505533372319 0.3212316482220922 0.3212316482220922 0.3212316482220922
188 0.03630505533372319 0.3212316482220922 0.3212316482220922 0.3212316482220922
189 0.03630505533372319 0.3212316482220922 0.3212316482220922 0.3212316482220922
190 0.03630505533372319 0.3212316482220922 0.3212316482220922 0.3212316482220922
191 0.03630505533372319 0.3212316482220922 0.3212316482220922 0.3212316482220922
192 0.03630505533372319 0.3212316482220922 0.3212316482220922 0.3212316482220922
193 0.03630505533372319 0.3212316482220922 0.3212316482220922 0.3212316482220922
194 0.03630505533372319 0.3212316482220922 0.3212316482220922 0.3212316482220922
195 0.03630505533372319 0.3212316482220922 0.3212316482220922 0.3212316482220922
196 0.03630505533372319 0.3212316482220922 0.3212316482220922 0.3212316482220922
197 0.03630505533372319 0.3212316482220922 0.3212316482220922 0.3212316482220922
198 0.03630505533372319 0.3212316482220922 0.3212316482220922 0.3212316482220922
199 0.03630505533372319 0.3212316482220922 0.3212316482220922 0.3212316482220922
200 0.03630505533372319 0.3212316482220922 0.3212316482220922 0.3212316482220922
201 0.03630505533372319 0.3212316482220922 0.3212316482220922 0.3212316482220922
202 0.03630505533372319 0.3212316482220922 0.3212316482220922 0.3212316482220922
203 0.03630505533372319 0.3212316482220922 0.3212316482220922 0.3212316482220922
204 0.03630505533372319 0.3212316482220922 0.3212316482220922 0.3212316482220922
205 0.03630505533372319 0.3212316482220922 0.3212316482220922 0.3212316482220922
206 0.03630505533372319 0.3212316482220922 0.3212316482220922 0.3212316482220922
207 0.03630505533372319 0.3212316482220922 0.3212316482220922 0.3212316482220922
208 0.03630505533372319 0.3212316482220922 0.3212316482220922 0.3212316482220922
209 0.03630505533372319 0.3212316482220922 0.3212316482220922 0.3212316482220922
210 0.03630505533372319 0.3212316482220922 0.3212316482220922 0.3212316482220922
211 0.03630505533372319 0.3212316482220922 0.3212316482220922 0.3212316482220922
212 0.03630505533372319 0.3212316482220922 0.3212316482220922 0.3212316482220922
213 0.03630505533372319 0.3212316482220922 0.3212316482220922 0.3212316482220922
214 0.03630505533372319 0.3212316482220922 0.3212316482220922 0.3212316482220922
215 0.03630505533372319 0.3212316482220922 0.3212316482220922 0.3212316482220922
216 0.03630505533372319 0.3212316482220922 0.3212316482220922 0.3212316482220922
217 0.03630505533372319 0.3212316482220922 0.3212316482220922 0.3212316482220922
218 0.03630505533372319 0.3212316482220922 0.3212316482220922 0.3212316482220922
219 0.03630505533372319 0.3212316482220922 0.3212316482220922 0.3212316482220922
220 0.03630505533372319 0.3212316482220922 0.3212316482220922 0.3212316482220922
221 0.03630505533372319 0.3212316482220922 0.3212316482220922 0.3212316482220922
222 0.03630505533372319 0.3212316482220922 0.3212316482220922 0.3212316482220922
223 0.03630505533372319 0.3212316482220922 0.3212316482220922 0.3212316482220922
224 0.03630505533372319 0.3212316482220922 0.3212316482220922 0.3212316482220922
225 0.03630505533372319 0.3212316482220922 0.3212316482220922 0.3212316482220922
226 0.03630505533372319 0.3212316482220922 0.3212316482220922 0.3212316482220922
227 0.03630505533372319 0.3212316482220922 0.3212316482220922 0.3212316482220922
228 0.03630505533372319 0.3212316482220922 0.3212316482220922 0.3212316482220922
229 0.03630505533372319 0.3212316482220922 0.3212316482220922 0.3212316482220922
230 0.03630505533372319 0.3212316482220922 0.3212316482220922 0.3212316482220922
231 0.03630505533372319 0.3212316482220922 0.3212316482220922 0.3212316482220922
232 0.03630505533372319 0.3212316482220922 0.3212316482220922 0.3212316482220922
233 0.03630505533372319 0.3212316482220922 0.3212316482220922 0.3212316482220922
234 0.03630505533372319 0.3212316482220922 0.3212316482220922 0.3212316482220922
235 0.03630505533372319 0.3212316482220922 0.3212316482220922 0.3212316482220922
236 0.03630505533372319 0.3212316482220922 0.3212316482220922 0.3212316482220922
237 0.03630505533372319 0.3212316482220922 0.3212316482220922 0.3212316482220922
238 0.03630505533372319 0.3212316482220922 0.3212316482220922 0.3212316482220922
239 0.03630505533372319 0.3212316482220922 0.3212316482220922 0.3212316482220922
240 0.03630505533372319 0.3212316482220922 0.3212316482220922 0.3212316482220922
241 0.03630505533372319 0.3212316482220922 0.3212316482220922 0.3212316482220922
242 0.03630505533372319 0.3212316482220922 0.3212316482220922 0.3212316482220922
243 0.03630505533372319 0.3212316482220922 0.3212316482220922 0.3212316482220922
244 0.03630505533372319 0.3212316482220922 0.3212316482220922 0.3212316482220922
245 0.03630505533372319 0.3212316482220922 0.3212316482220922 0.3212316482220922
246 0.03630505533372319 0.3212316482220922 0.3212316482220922 0.3212316482220922
247 0.03630505533372319 0.3212316482220922 0.3212316482220922 0.3212316482220922
248 0.03630505533372319 0.3212316482220922 0.3212316482220922 0.3212316482220922
249 0.03630505533372319 0.3212316482220922 0.3212316482220922 0.3212316482220922
250 0.03630505533372319 0.3212316482220922 0.3212316482220922 0.3212316482220922
251 0.03630505533372319 0.3212316482220922 0.3212316482220922 0.3212316482220922
252 0.03630505533372319 0.3212316482220922 0.3212316482220922 0.3212316482220922
253 0.03630505533372319 0.3212316482220922 0.3212316482220922 0.3212316482220922
254 0.03630505533372319 0.3212316482220922 0.3212316482220922 0.3212316482220922
255 0.03630505533372319 0.3212316482220922 0.3212316482220922 0.3212316482220922
256 0.03630505533372319 0.3212316482220922 0.3212316482220922 0.3212316482220922
257 0.03630505533372319 0.3212316482220922 0.3212316482220922 0.3212316482220922
258 0.03630505533372319 0.3212316482220922 0.3212316482220922 0.3212316482220922
259 0.03630505533372319 0.3212316482220922 0.3212316482220922 0.3212316482220922
260 0.03630505533372319 0.3212316482220922 0.3212316482220922 0.3212316482220922
261 0.03630505533372319 0.3212316482220922 0.3212316482220922 0.3212316482220922
262 0.03630505533372319 0.3212316482220922 0.3212316482220922 0.3212316482220922
263 0.03630505533372319 0.3212316482220922 0.3212316482220922 0.3212316482220922
264 0.03630505533372319 0.3212316482220922 0.3212316482220922 0.3212316482220922
265 0.03630505533372319 0.3212316482220922 0.3212316482220922 0.3212316482220922
266 0.03630505533372319 0.3212316482220922 0.3212316482220922 0.3212316482220922
267 0.03630505533372319 0.3212316482220922 0.3212316482220922 0.3212316482220922
268 0.03630505533372319 0.3212316482220922 0.3212316482220922 0.3212316482220922
269 0.03630505533372319 0.3212316482220922 0.3212316482220922 0.3212316482220922
1000 0.25 0.25 0.25 0.25
1001 0.25 0.25 0.25 0.25
1002 0.25 0.25 0.25 0.25
1003 0.25 0.25 0.25 0.25
1004 0.25 0.25 0.25 0.25
1005 0.25 0.25 0.25 0.25
1006 0.25 0.25 0.25 0.25
1007 0.25 0.25 0.25 0.25
1008 0.25 0.25 0.25 0.25
1009 0.25 0.25 0.25 0.25
1010 0.25 0.25 0.25 0.25
1011 0.25 0.25 0.25 0.25
1012 0.25 0.25 0.25 0.25
1013 0.25 0.25 0.25 0.25
1014 0.25 0.25 0.25 0.25
